x	y
30.287530293291489	34.779448306169265
6.811737582033416	7.398444528013461
11.260239907537418	2.553470192181143
-12.505672067206065	5.302482958419011
-6.244712143435156	10.332607997014804
-4.184872171113407	-12.063243550895757
-10.264150871458385	-4.442835784010258
-11.868406883282020	-21.089842617072296
11.137021867791390	0.283188148459553
10.513805246459819	-5.854626527025831
-6.606639918835134	9.945917664402517
-7.836280132093141	7.740075638264488
-6.519807880490105	-21.277890272274256
7.394098859375307	8.244709732201601
-7.046169068836859	14.601300029418431
-8.891470217329681	8.968612011671855
10.906824512446173	4.837744157321548
-9.188146709638787	-8.657049964808197
6.258872926908087	-8.760771968994913
-11.100310158522124	2.809872770845448
2.190411503018873	33.515438532615484
1.680014973475496	13.027539484991548
19.681002168808085	-12.225846297920709
5.223156880799688	-11.078408542258147
2.852926715753012	-11.336808356045470
7.528742981619470	-10.937690411254000
-0.727509842294914	10.842151408078241
-7.556165075667520	11.794358318842939
-43.234363387073820	39.781488532683511
11.187010343215354	12.004215348099146
0.594002113812421	-11.392877829574818
-9.110216681672890	-11.003939166349282
10.781563435820907	3.841152902588320
-12.108893576451582	15.396404434593302
11.671373206190879	-4.856039088240646
6.165966567500043	-11.909465381715737
-26.103786485296489	5.361126081018273
-18.423809141606903	-4.569813437162372
8.365028548777595	-6.944323453108939
-8.814873441939008	6.164730881344450
12.985634545307732	-11.102789397604296
-14.641518651754572	-12.792447526510827
13.013467444843851	-31.581395826203352
6.975871254710965	7.978966228275288
16.329569266243620	-3.728672773107089
-8.870766238160998	5.307252814381843
-14.798863866319229	4.928045678246522
-1.492009744323869	-18.338102794761735
52.053258218188383	14.760956999775065
-14.045927310605991	7.190214547355428
-10.059405779599125	7.842840600395300
8.647693871346847	-5.588043211342886
-12.127642487867616	-6.201409983031773
6.701243971854641	-7.799525579784660
-6.768837272764207	10.298786000956961
1.508660098780033	63.427698418964155
7.861849009217698	6.614597610511676
-18.097014929122849	-7.624610363069877
-5.850654605982224	17.659705103584550
-8.454117161676043	-7.319961900375765
10.252618498668463	2.714766627222373
-11.712457887660602	6.442743033224149
10.192245379024937	7.001355671502980
-5.103420086743922	16.769215264735536
-1.599900860246881	-10.528602231811128
21.154829549847690	-26.546812992175237
12.253446717712977	1.219713924429459
-22.721496068889838	33.696002699051867
24.794687640063078	-29.073215083481159
15.072451140395049	4.773935748337022
3.023808298103349	-13.510411458937062
-14.635824518240572	10.922828959462310
-11.196252695294950	27.660827941401532
5.964963832464734	-8.526732673137319
-1.176797007670138	13.507918350780926
12.628702474154217	7.752513509759033
-7.462164860546227	7.492874644813313
-8.321320955746724	-6.340925294811894
7.002296809118928	-9.243106240004868
6.070697814279740	-12.502172176725045
-20.348415515390382	-15.119076001833358
19.925557462168811	-7.531281899034872
13.275809730702266	-7.254104095577778
-1.401200606068356	-10.131595939000960
-12.558412172991817	-4.011015146064696
13.913555483459508	8.983743150316585
-9.075364678792056	30.524886261359416
-26.992328932074617	-17.995671458464230
11.450250348153403	14.009121056029676
35.766382847110108	10.790474458181412
-6.022080775103052	-8.420396897789816
-27.434990077289292	-7.174257223185681
16.497325646382272	-3.121414344644700
-6.526914378485193	-7.859159277741941
17.204701003364931	-5.691516194445008
18.847348655853793	-14.799655947593687
9.149416232935966	7.880779074171359
-12.763791957761377	7.562579730534237
10.109041666703066	-6.991536296231945
-13.390396699634110	5.010079993223537
-13.530037486971267	2.723487953588788
-8.205746926610225	18.335874100860860
-14.237403669949808	-8.046334612116516
9.775543731782779	6.700685458663166
-12.712496415713241	4.373602373001789
53.110426470950678	50.008325338356777
10.717125488098613	-3.918143942318745
6.637555450705448	-25.806812495457521
1.893621264934510	10.662771053757574
2.582425829102344	-13.942061434221499
12.400052128309602	-14.645820209771292
-18.697198875888596	4.027360438096237
6.311500321194086	14.658549754158523
-12.258311235515412	-3.432894297094931
-11.631770390462808	-0.246404422781904
8.972038486160210	12.605631413222030
15.273528045124598	2.211347827745269
-8.184568463828944	-10.656206251915988
-9.360718297682576	-3.818008882524666
-8.516912394867401	8.336241101131186
-14.208172505238846	-9.198980020004599
15.010253459338635	-2.778055255964300
-19.376500739012915	51.385427421896125
4.135989243140049	10.259304677469531
-7.872674687996033	7.133515934122900
-9.902300798752220	-5.878953874119204
-22.782026630011980	23.218347117051529
0.373715449209221	11.365354541588268
14.759918805313699	-7.296205415853847
-14.095584309538692	0.169074957343691
13.316953672902020	5.626588204113813
-19.386926157506974	-4.364064854229862
-10.193819678860834	8.951980819224611
16.248355666368141	-3.880121794507620
-12.723318459998586	1.328407620468899
18.595004447831574	13.527520310044725
-10.883286029388668	6.718576089529809
-10.193054266199987	-14.213800644972677
1.053861849550903	-19.682864808757913
-13.681618214766758	6.782882574058059
-5.160515392474201	-10.246023062070797
10.209501929154616	-2.244962925108100
2.770260528720490	-13.389776913189079
16.365341386507609	-7.895659678066687
9.115712873776724	10.074295572377853
16.997582156863395	12.721257461218135
10.420934038191913	-5.887264015839614
-22.357034877053962	-12.206524034314162
-23.325973440876457	-3.758181436144386
-3.474944196189994	9.493548413708384
1.389025510534444	-13.775990232870363
-3.679543014456675	12.376808831140334
8.542625728549918	-7.923343136755309
4.118183188870445	-9.528586029644883
-7.456530038936477	7.927674522368739
8.315713815523136	8.434527078347418
-13.574587431272070	4.863869424360443
10.407124210993906	4.722007955259372
39.127379796278369	4.702904880289572
-12.041393575092096	-8.881505103050435
-10.979255634725657	-7.577090425308535
-4.658996073765953	-14.974125377996977
10.104338149332680	3.546912099712130
-7.049926904406389	-8.106810333800118
-10.263389549359148	0.265153568289327
-8.102869252019394	12.341446888378941
-2.709185281322865	11.797104367221861
1.535860330629692	-10.168415989072930
10.164963513969345	3.417066566879781
7.698158787515834	-8.269876417802053
-1.546101697818844	12.466491512092160
-8.698099053355900	25.839637088915538
-6.651886100740531	-11.360909810612439
15.089506567633231	-7.373911080545370
-6.874446740482800	-12.777341844171696
-11.442745216807488	0.035795252071850
-10.726037959480561	7.710230816781772
-7.385066052337478	27.593312392317738
-2.756326462325245	-13.243902692314334
10.235757620719903	-1.244172975642082
19.385980939543540	3.406329422513960
5.459132508677692	-13.248947676315296
10.362749729896677	-13.888774085296310
-9.305667007558377	-3.975969746961517
7.941446103236887	9.890022712777851
-3.974777809079423	14.724299877996295
4.051855308388586	18.149955314270215
4.969732040448740	-10.718421517688832
-11.322707686200063	1.098916201601254
0.999827674299614	-51.112050692782098
-6.867490877181468	8.791328189829175
-0.254681533916423	11.050183101941419
3.061784749391230	13.142286109909071
4.834606280915732	-13.402152521738119
1.757054146756160	11.130332148050737
14.395815248469786	-2.678844535864172
11.203968223435391	3.220302509181077
-11.484186756032534	7.540252027059038
8.967313096543464	-6.611973463714229
-11.876315152842027	-1.649773633752462
10.602596160688572	10.320051270573165
2.725673942952472	-22.026570125205495
6.200177444175895	-8.367586924591162
10.380391951196035	1.604022151373512
-9.045334028099237	-6.301298041466145
-22.169023003048139	-8.913395022104941
13.187102599547661	7.320122284939782
-6.598494023856162	-8.443129967375418
2.423888814807089	11.556880135969934
-8.699009910842172	-6.473447866109415
-14.517152708858523	-1.927964068121856
-0.553332785642567	-30.610401534508625
-1.473942542203287	21.468518851274656
-27.608304002072483	11.424015179722256
8.564633371962849	20.060038721853175
-11.559375432222540	-25.469162296229495
8.162675942658067	8.619075273276769
8.391234327585222	7.040578810580073
-4.661545120511016	9.388233927764224
-4.211783654397310	9.965456786271075
8.003508100076541	6.407333922960743
10.252051490339397	2.480806974115590
-25.688975098152778	12.710890463968303
21.277471426719128	6.797213468532592
12.678103757590188	14.691923334429012
17.468153344163881	7.618012093295958
10.302772969457569	-3.769906410653047
-7.826263219918892	-12.874462286074879
3.040861833165552	-14.637510026850734
1.634333194013304	11.503456504685287
-10.145422071774641	-4.902250560381888
8.431186083567555	9.247297490601428
6.565124136567214	9.757929957224508
-2.835800875430531	17.216141350577058
12.820611543747130	6.507906846480325
8.530196770296181	8.929426273317052
-1.396251520480337	10.075549991396057
-5.727682388815579	13.117696354824190
7.341765177133561	-10.592033156426183
-7.233368219366187	-14.720522632838076
-4.563161958460398	11.596751178271994
13.370604650240619	14.172314900234783
-13.573712243267599	-0.265648047402002
-8.858595646884917	-5.722036808588152
16.812684013643075	-10.768812507142044
15.296174042445195	-4.486097035208508
-39.033678539145889	23.866587263246512
5.004890153620673	-19.868243078467351
24.624610191236119	8.108267459783068
-12.679404684159520	-0.303685420426079
68.253441156734354	12.830603982256822
-12.343263900785647	5.576802944829902
13.348509840360309	-8.838590217633287
-7.622379167879298	22.902855929465627
47.828189701643609	49.045289426628450
4.645991650525434	14.220338122745749
-9.934458716173728	-4.254653015577934
-5.055243840020125	-9.657624808337902
9.337403518339444	6.012100337808750
-7.355250887921690	10.404110524790235
0.852157468607027	11.062271673091141
-27.597497432887295	-8.358468029874651
-7.381244128607041	-12.036022156762463
-2.513625006374300	10.411055038187142
-2.405731605932710	-11.131543739768707
19.122632592708452	-5.191959038579363
10.724275691062671	-1.337263276627686
7.447981410930034	12.484884245968066
19.162143930684589	-3.462492310206556
-9.047723510662948	-5.338600569097646
10.855716887962695	-7.824473928774601
10.464161974532947	2.902024257445509
-1.284901046487879	23.307283078182532
0.683259508897274	-12.181897908901613
7.843866628388545	-12.006866694026717
5.276889849255360	-9.128429843207417
-10.096376349637028	2.442061495129458
-9.640052753852663	-5.479722331552079
22.137109165051076	3.269929024276529
3.914758657823037	10.084370479585232
-6.629751381192489	-11.688248751890679
7.693163671498956	-7.623655902830322
-23.867501150674162	6.561202099016605
-1.987503397074255	15.675688848234479
-3.081813712004327	11.203851675308076
-6.517266386102444	8.501620873470424
11.688700944885920	-0.202196287976866
3.062906156859126	10.116897634311718
12.702931796353630	4.878014452052955
-23.441030745872979	17.124050765938275
-8.053995869438333	-8.303389989213347
2.899499840632125	24.999627802357193
-9.564734144658534	5.887169329282322
7.152404266906486	8.002959220213272
-9.036737255177549	-11.297647032504829
-28.140721402953179	72.839146964696170
-13.315544811925470	-114.068109701670238
10.207414707699183	1.740118409365412
-11.555671639502036	-7.795837995224606
12.206853712834272	12.952227772949765
0.645588131836743	20.165931914554609
-5.077783800673627	11.665147026407308
-15.985464794183667	23.058777570062134
8.423335601734685	-6.826190024360486
10.651186762317367	3.565313568175283
-15.943085290029076	4.319291008437879
26.195949586158758	38.776086088424144
19.775129887885562	-53.527805710391704
17.306157423105134	-13.189427669276728
-9.975626467848775	-8.946083136038503
11.426816371346106	-2.214828028913594
-17.353185970755153	1.294681907855122
-7.114308667352889	-11.355444537993343
-2.675288225400683	10.133119291904006
7.810556570917385	21.994897109247621
270.118572811196657	0.281386395029662
-8.216764488039102	-12.176306145411404
6.620218489486273	8.135166951435352
-5.730594139851021	17.333411612871171
11.791398918664690	-14.220750339452632
-1.253183128145375	15.274784161021708
-3.865511278882312	24.388834800333171
11.530476744844496	-12.804927527583585
0.095765965195305	-13.466569957591297
12.636863387812236	3.711839668332572
7.872722742675275	-8.666628036729836
2.667050736302055	9.671646080666321
-77.466551324104984	48.921090247978711
6.348904687013689	8.135944676433207
-3.191577122248050	9.684707263329960
-7.654322696160036	-8.541771265704931
29.627571044570949	40.944884395789984
-12.134641999945796	-3.792830234640126
13.040960214899302	4.623892914507389
9.202929222848526	-5.440143950745139
11.113708633069518	8.450437065289517
-1.645022712858427	11.770443362886663
14.742709194299337	-10.681088529116993
-21.635654693845478	10.637411197593590
-7.234338300797383	-35.035770777748667
10.951111823151299	-3.907950510788061
14.207777062319167	5.950930882192345
-14.830539461078647	-0.000630486607716
0.412567522608379	-23.770628083271141
13.194532468324335	-3.056488072284200
0.391550554862882	14.550180960041743
4.336977794838455	11.973943579399794
-9.835732388276126	-6.467981540813493
3.353411152111665	10.554780308178474
-6.652084889691397	-8.168471006235272
0.555638108081899	-11.178678002988789
32.216634400363453	-4.778795267977268
3.324748404082633	-10.273994000634046
7.766457723706359	6.967303452696011
10.339159472883949	2.229955205638835
-11.611502251499724	-7.811545638031399
-3.215487204145834	12.457515884232688
18.509538094436024	30.862751429475470
-26.328164472851665	10.992790953924102
4.844394377183711	14.261286158611892
-12.255423486044789	-3.115861194323374
-3.172035333582834	-13.110335746141976
-10.123787720105154	1.031598136189897
16.320986609909735	2.535574609007486
-4.241057874085867	-10.747158613216717
-6.996207983336234	9.802254261297655
10.278099722697007	3.460972966713739
5.971092137025058	-16.874974311743514
17.858394391059914	0.988619514285382
-10.329622659585041	27.407202164195763
-0.624823236303299	14.788734545082439
-4.028960486157668	-10.724674949640862
13.368711138413962	-3.294666189297324
9.261881378125633	11.353914639503749
-11.281548621404188	-1.772613351823339
3.234809110403792	-21.379833163346841
-2.027075402558380	10.237532582612337
-0.819592694651121	-11.623966935147614
-6.896935125125300	-7.468713327316991
12.167599103408174	-0.553801965663800
12.063611219946717	11.738239533619391
-10.236842505692838	14.482533010829640
27.990759825336539	50.127530940588720
-19.867729259091615	1.176227457304272
7.475256253827691	-8.548420135559601
-9.725154422513931	8.313275447958265
-7.682103467964256	-7.603272485532449
12.867208808389641	4.568015353324667
14.455916578198496	-6.983389139376030
-9.641318676440756	7.372227623236740
10.561847426258039	54.234481894543698
-0.171849107085741	10.296564602157492
-11.434494371242442	-14.405462163710213
1.223263222394513	13.711531580760733
-11.605829086767235	16.894740394099586
14.194128862365728	-12.952898605048359
-1.095373901959641	-12.249390681837763
9.030719910566567	6.682855827960036
10.461046115258533	1.330422390472045
-10.458255199531363	11.007339714036254
-18.062088746271698	-4.592828067388414
-4.823921344552628	9.002700630558687
2.959494403812402	-15.197099944780492
11.443192089958394	-10.773800317573768
-11.700454920313190	-8.080175457900006
-1.318304590851576	10.368000146169697
16.526608600376584	14.719471229371310
22.999501406018222	1.452740326177725
7.700226812762764	-13.181253319046238
-12.065498367364313	-28.114706561774511
8.099438015373138	-8.047147776192855
-25.804267227825090	-7.091002199875128
3.087539444784161	21.252903559007994
7.023017600021472	11.400689006400464
-5.271970032241847	-8.588734409199848
-12.907987401412992	-11.261623758018429
-4.530253943120727	15.900544203884628
-7.598307960659485	-11.614470701056263
-8.024835110090033	14.719693199529541
-11.708492003191051	8.788026525233773
1.971724477304828	11.691913607744652
10.362024558042389	-4.153987407844033
-8.209887373812979	-5.841088783096972
10.021841465751240	-5.036502374613865
6.684266886366497	-16.722942872060305
4.592200061599613	9.877005994210714
-8.488236144972948	-8.049927040869187
-9.886789111825692	5.680884593448162
0.548994689219760	-10.778556334286677
-7.070774028115705	-27.711114068836149
-4.035677924639474	11.596509312439663
10.669530389642803	-1.001382237642737
-4.294211892188834	-9.195960679919823
-7.993107978318441	6.151377775545251
-15.180257265673507	2.448948597876129
-0.249856855562811	-11.511362211871148
-7.559085261376449	9.723119017087996
-10.855410943491075	1.255175125541069
-10.756703666045324	-2.233596123735881
8.059830431995742	13.163758622468626
-2.292660567687840	-15.009802492569980
-23.091767973832305	21.051518240186059
-56.887420497098624	24.560708615198905
-13.209034072393532	34.747978394909666
-18.371588615732886	-6.339004370623100
8.836438432844332	5.287826163190695
-17.538706382747307	-1.360371575049392
16.486498943488535	-4.020059189401329
-0.348890543209983	11.624759515173558
7.910118729837905	6.916794258683580
-12.676868631242835	3.563838560638615
9.976924017260069	6.807176868018515
5.585783473337477	-9.862820112307222
-6.210532144091563	-9.005539344386721
-2.062352551158206	10.003715676471135
-7.140487994861285	8.507286936963414
2.363647296562295	13.089691570661111
9.506431316618723	-5.751037807952654
3.799620980396451	14.562419871177365
-10.034691451968758	-10.772692207580926
19.183934135046417	20.212480846611857
8.145471668059452	-5.854404067192902
15.283350032890151	3.004940712889243
-1.669981347479213	29.003447063785753
21.558057057459266	5.797873264263231
45.907365298546964	-38.008680736081153
11.228558937371821	-9.327118079811743
33.948735469122887	-16.584971762102136
11.848673596968917	-5.860632703108098
8.041621653002696	-90.588106798855677
7.008707096744033	7.955884394362807
-6.553132577179921	7.754598086189995
11.371994436783902	8.639626379987128
-12.839631903174704	4.480125761150963
-10.274419308040077	-8.855505058623077
-18.331333339869101	4.926497391055469
-4.493993603249929	-14.797845792208877
-5.483320241601720	-8.816895132444602
11.683388170302527	-31.304158398806965
-7.647607319850474	-12.186609107265229
-13.571207067193338	-25.406289112579138
11.028527908448455	-8.309890795720834
15.235202359835496	-2.238457250006076
-27.652726852522616	-15.618714269158916
14.482239676841671	-2.836346570734523
22.537146989866564	-2.761098757503726
-8.888347401538882	-5.609925999068064
5.902735061388039	-8.672654709299737
-13.722746824390631	2.040923712594990
9.910185037300483	-6.261197945233590
0.804192392819866	-28.040282424849700
-7.692273920616302	-20.278617806564363
9.002055417536550	-27.086932048445686
9.227420777338782	19.781436970233038
1.720390959127450	16.080363532750802
11.109126210431372	5.473529543795594
7.733184868997775	-7.068749158062771
-10.176114314871226	-5.617012783641756
1.702861392050328	13.421027918917298
4.904088506190048	-17.866104641608270
-42.800342076804256	-18.195017115219745
-6.274309676902214	8.716801412187957
-6.801263849435089	-7.913245463165225
-8.691698232932698	7.268492911363883
4.585477442967650	-15.411224661211017
-10.335695377888806	-7.927680999007237
3.004079947085463	12.559198414402521
23.635620181547086	-18.204780971268534
30.959618026026920	11.540773725457207
-17.528197045020363	0.516696081856028
-6.453376229541787	14.599486137358804
-14.427338438845384	-0.281744302864840
-10.849760674270582	23.603695359608057
-9.373159516686536	15.475542501740184
-3.763963349066135	-9.636496207982457
-11.757286634828393	-4.844301495970177
13.789222797799811	15.552306062799461
-9.794384160803066	-7.220737225565498
10.344170389641739	5.543541128653579
-17.799752315026275	8.211222824942810
-16.572890440447217	1.713464769667274
9.938891530705456	-7.479905255894977
10.251108696095233	6.600638624988353
-7.488315641736388	7.462119613795530
3.848769264994514	9.604789576311040
8.168390300864493	9.685318498785557
-15.642058501924119	-7.075950201977696
-10.798940416084630	-5.593236974393903
14.693691287004590	-23.246444472628454
-0.967210784629808	10.413020600031235
-35.618153507538409	4.843307704399591
-12.601897536321195	11.361468499367604
0.914773931004450	18.460798865020458
-4.416246339857400	-9.580003300565883
9.980597777533072	-14.309451574351479
19.963250048559157	-14.818876924594862
6.708547135413167	12.352349361826302
2.673865296220297	21.177413729220490
8.226802426834881	6.032118797036684
9.672986497980187	-4.381944958534476
13.838825812845883	16.954957347639592
-7.519156323567211	7.136588627595401
7.946103713371148	13.502299841839012
19.870676253385501	-39.035604198783787
-5.622233342224583	-15.517364794708154
-31.307658541837206	-50.026921837038998
114.712364100449065	-18.921937331484024
-16.106873767895038	22.609484926492218
7.872084446545756	-9.779788571977226
16.943099201834428	37.747994764668803
45.726119371659216	3.427373380722353
-12.811027769328447	-2.322343313387386
-9.683643066491552	-8.930464097961501
29.205099032828155	-4.956236991863591
8.392807989328400	9.910006985571163
-3.696536749695901	-14.632689702887106
11.626306280133575	-3.858891741700223
13.902367404581994	9.328400399906679
68.330043806165563	235.107095719041325
-9.111914881978558	-6.115749298582901
-3.991568238015388	-9.188843497873417
10.073544089148612	1.390860187778244
-19.925046549562833	14.139324171735160
-81.261219487052074	24.218638977290006
-11.276531434848607	7.599887704425448
-13.705118418324002	16.426202835990065
6.873959978923898	16.452840924888136
-11.525861967074446	6.817817316174111
-10.423172499814218	-3.771801361394009
-4.943088920697343	-11.152777672266881
0.950788769555729	-19.629010567427496
-10.954510922280996	0.541195948056922
-6.129603601216433	10.325353330507070
27.748084683759075	18.544372450202189
-44.997453784957351	30.040510213392150
-7.332475186060385	-9.147068616103455
9.941105675226227	-2.185598585618934
25.251378901669831	-13.277485765218483
-8.027970051618563	-6.785365052113161
-8.547836210737378	-10.882936756266638
10.061043296609569	1.390290022665678
-14.515249359212332	32.198799690054067
11.919403478792434	-7.044494419663451
-40.207076862802424	33.798766645407852
6.342072986628490	-8.315935043538490
5.722335794586058	13.460900405298087
15.665513409111480	10.926131748000458
11.914919903769627	-0.771288166590118
-17.659897400905415	-4.463793841739932
20.105784749198385	7.164096356965899
8.511047781124985	-9.773868071798415
9.308402372192802	-5.389649201046746
0.154665075811849	19.204670946906710
25.501277717872600	-10.894504264881059
-41.661761696115242	11.420758915155725
9.762370724510218	12.320698673378205
7.540519949854146	-9.515623249455910
-3.562035614199163	-13.449396454474641
9.617354877319714	-3.457667788040974
10.085953607168227	4.611762625475198
-13.768475973220990	-12.470121675077960
-0.756810969871645	10.790795827824880
-16.617237926057118	-2.594982871900795
38.115786439027715	-2.981140215508438
-6.938455279674245	-7.292217177121630
4.923202112306444	14.237973297968830
5.977241221410936	13.170405618796501
37.758053992240612	-77.922099698335529
-4.257184203517264	-10.640342236962631
-2.668932820461528	-10.853075438985355
16.982891086219791	-2.520605969239656
-13.880533750376182	4.539167107614698
-0.280210777425913	-11.019119352971661
-8.097172339275838	40.448577713984918
-7.215283039829526	-17.334461833978271
-2.679088073262250	10.804172125341667
9.320669293076314	-8.222980312016050
-53.363277037798760	-94.810993637334931
11.629018510276035	10.856343811112135
-5.659206290209513	10.032429765151727
-9.868899581092537	2.868903818123525
-25.655110323066658	0.167270485148317
-10.848370054190482	1.112510733708047
-1.324384215166575	-10.551068231137426
-4.792196815755799	12.057441688301473
11.264268256443787	0.337927141321196
2.303918173887678	10.623197824526429
10.222943280200843	-2.722822255507937
35.500919344250065	20.620242459030699
-0.906659907492806	-12.987139508745667
-30.738840036087009	-3.382074171651692
-28.845818899369352	-18.980258293467553
10.292855450312045	-5.343001355137042
19.781842325599250	-27.219887961849146
12.554105286297499	-11.117679795540930
8.966311972539797	5.489464943828856
8.017642164527969	8.075938584342222
-3.354750852166425	11.380395271566778
-2.192243488942876	10.559873323802577
0.520394129498623	-26.251036542407615
-12.450663334855538	-8.021175746964033
-13.782118009788640	-6.296592772098078
-2.986855096845927	10.836131878992468
7.627253661991308	12.759885073290549
-7.245303337289982	26.151646761788207
-9.556538510978573	-4.940900277817902
-3.922330524074228	-10.758052343710974
-12.653167056999134	3.236908808996497
19.983023899259713	4.815010989391504
1.405153805312360	14.683637886780499
15.109628442284160	4.186411538473258
-7.250655904392519	-20.313482655926187
10.648839553562338	3.632434314356745
-10.292794883741889	1.755610723663844
6.822261948045197	-12.233149671471960
-7.120526226755556	13.151243671679717
-4.192882254885359	13.073441886334475
-9.863856115958599	-24.684932250000344
-2.675864191862348	9.673869141773299
-7.692652694106835	-20.773626155044880
12.528063398849286	-9.943526292657511
-8.413364224164802	13.729212226899085
6.329177105500640	-25.069782041214175
11.559192564858952	-2.523264486431365
-17.581644620880610	-11.099220201125695
1.927579816816244	16.506608341897486
-12.784648857839022	-2.012730474029360
12.408952694230262	-4.644050784911212
-4.514695179063854	11.614083563085806
-15.422292627093318	-8.319080926372660
-7.697010733926903	-7.828592067799572
-3.087486708515379	17.524821358223807
-10.902613500518100	8.252969855851699
-6.440534547072795	15.811279301017198
-10.130229857613180	-0.072761511538952
-12.176957987207471	14.659931664465509
-16.018923528786885	-0.078140948149125
3.539272653277736	-11.463964030683815
-10.305630009094616	5.184909542536939
8.198093819659423	-18.962446664765011
-0.666217628751145	-10.406742363330885
3.687559672549855	19.741363939020438
21.809728638486249	2.602081382686054
2.925707993174706	12.234426915879377
1.608663778219556	12.456729341608829
16.690990282519689	46.721434704955655
0.008185081628102	-21.345532117919575
14.776706418344904	-3.230230532869120
21.357748836010011	19.905427403922747
-14.478075030367551	-3.427287840935151
-8.797202258065605	-13.188228092662891
8.277866854977182	6.932946956130801
9.430339816708157	-8.178714852329108
-29.286676496697122	12.644976682791269
-1.761319863903950	-14.463490573578021
4.519293751250571	12.201187647714647
-11.390226113193108	3.888584507155853
-10.860427465557967	-2.587211951145800
3.026879947536221	13.310892001134208
-11.281742518551493	-7.174474858611573
-6.218958784571873	-8.291577180258770
9.399978527276934	28.158158161020278
22.664509283345506	-12.161750392531834
7.369850488456577	-6.815251636008978
-15.545024726621076	9.161409143722041
-3.829740912502292	-9.979022824488501
-22.317619037186397	44.574234175330488
9.564396248781071	-3.367338081511245
14.491230094782674	-7.102692518072074
5.064336306081582	-12.365192599422786
-7.550910211500601	-23.149703867062822
-12.702268718057182	1.882147518171173
-9.801672340101842	2.564084293360641
18.843532019874456	-10.457194521268075
5.198603523465589	-8.917356354411183
8.847135468501959	-10.399699341560536
-8.301627060311937	-14.167864529723724
11.140950116357242	3.826658442723207
14.023401398649321	3.932193136383720
2.823943800102070	-14.352684739273654
-8.913999879187594	9.431388166231073
21.728774916890554	0.466985892864418
2.033217820338117	17.016861055989530
0.705483847600102	16.014213407379703
6.807834731976335	14.671131296481907
-6.933450166747136	-12.561792254845264
-7.093844588877751	-18.046780090875124
-9.494144710117098	11.795978350107093
11.281007670140671	2.072157470768387
12.248418202814719	-9.387919407091262
-19.800388931725912	9.035203938644420
19.907406281351697	26.444986030692892
-10.433904304417986	4.547877787893445
11.795355885877745	-9.559404877244544
-17.131645656337565	3.565457654521280
10.838606269208924	16.315344107850780
17.900873684410151	1.346267747011690
-2.743162194891847	21.846052246428545
14.809461690839113	4.970918414307866
-18.154710416907172	34.761196095191472
5.304290243079988	-8.938716236660293
-10.346663817362673	4.916650554837166
-1.002584265852174	10.048850816572582
-6.380018863910332	-10.613542501025844
10.042325589080521	12.400876533171731
16.438055392750680	2.178373031789073
16.248610615674213	2.869208962240181
0.877408645565653	-25.873248796014032
-14.375138289976615	3.422918564373117
-9.773234316261254	4.745143583796551
10.353125310889009	15.893330959696327
10.306250481364469	12.766884192185188
5.557909597550941	13.474325129782335
-2.460811473733640	-10.499466580998314
-6.381842162030786	-10.358606456275776
16.098217938144025	19.395273282006283
-13.525888145693086	3.025622991263558
-9.286363858473635	6.530817702927984
-4.926946612490974	-8.831659196460480
-12.219680158067073	-3.402904842272660
11.130035856944078	-5.779677187218377
-3.271328954073042	-10.034914274160844
-15.114281678430755	3.298604386167036
-6.878177543852588	-20.387020022965508
-4.720989021506315	-18.898755208316370
-19.534152774419912	-1.848413332025994
19.504339824684521	24.955477089950559
-6.835307897238264	13.498870155422697
13.575043581943703	8.580850968185144
-2.694919257553694	-24.696376515393673
-13.268294294098343	-5.688985865534137
-14.923764857073252	36.319717107073977
-23.366864319864522	19.832051385612704
27.087280621934017	-5.328239275431116
1.988897734233235	9.836208968860955
-2.447815872623965	11.558473865202158
12.390575185820275	-8.424003016423196
9.640153682890071	-10.289306208192171
-8.203237064445160	-28.378590997709615
10.312395797254267	21.261496635336769
-6.919826837291612	22.530567471316115
9.114220566029202	-12.487277997292692
14.404704340850223	19.993122196775150
8.428370562908869	-5.515598338058395
1.527650517624301	-16.185584773546040
-14.067817050609538	3.762311325682949
89.588526155319215	18.168317106615358
-18.044950726178058	1.028475827863125
8.652256920347227	56.985209720260976
10.776587509470113	-12.600027315714673
-6.929334589453662	-9.602335829892480
11.691237592106139	2.790110262906918
20.206548615945554	17.530337632353504
3.293995922108316	9.783570797654946
3.945049456221687	10.736816507408918
-2.896384710016718	-11.297835111928942
-5.225587595117662	-12.127620504052503
-11.766682366445611	7.940074453865462
-10.469184819030799	-38.360307238572190
-28.627248633154764	1.033590851478021
-3.204487799420431	-12.046787519983098
-9.963455770929301	-2.075114660922208
8.657513799138503	-7.611619762514282
-1.564179108425354	-12.130544471610138
6.042123787043429	-14.690881145585408
6.585923497810103	-8.308320243028659
-12.228167537534089	0.190530931669319
-8.770163881629532	24.907117370497154
10.372418613937997	1.250166554333887
3.992889055498438	-9.782876060490425
-9.526256237967306	5.074382387793026
-8.891210167958613	-16.066583655946307
20.810957093685246	-2.373454532706487
-9.076472285443680	4.547230661114972
-16.509390418297514	15.650810538646516
-10.819119266758126	-20.481305215539479
-9.368192736491217	-49.897101633735424
12.801299014884025	-4.715227098364427
11.160568889729058	-7.660858598743071
-3.155700381233446	10.236502359110023
-20.164134240313814	-13.248282190769929
36.386347223568237	3.534348888387817
-31.179502147658631	-30.005953227491684
6.156750768969333	9.768032670671731
-24.793105182036495	-5.414429716066874
7.688464152416486	13.865824268206579
-3.713926806935735	-9.530500063943720
1.768403776536150	11.028474038087644
6.971043661596222	-13.247489652807785
-7.061317591140207	-16.339335788303043
-8.198398116676293	12.147118207124256
10.031677657295532	13.701306153762463
21.454184788006220	12.916804010573113
27.700650722110570	-0.795662990094274
6.849676667102985	7.439911663193636
-11.034034429375737	0.187929495524479
-8.868288739904763	6.035882679465459
-7.434805217399644	-9.288673065147851
7.168386347489430	-7.949224263593778
-6.570737684976806	-7.730742802537000
-11.431298106810949	10.030722641502987
-17.790627080616588	0.708946297864136
12.416229958770092	9.984728733139015
-10.081789564023905	12.933309913081590
10.286910997886325	11.798694119253929
-12.792408220854528	-5.381355900396590
4.616132809241939	-31.627751869825811
-7.090012709168986	14.128086406754027
-17.617288169037906	1.052410377108196
-10.535196338474824	-7.579677042393158
9.622633309200580	10.800098963509342
1.741108279422557	11.033106608284722
-4.325132915115936	15.355363597631525
12.225989129624722	11.724940160843408
-31.912857186998291	-21.513551713105524
13.464040632670194	2.282632444299846
-1.517503091765269	10.159986737057420
11.647173072495804	-4.993552218149611
3.520997900831382	12.253201413624398
4.027599204524845	10.775247914770391
-40.125041634234449	19.856597387405763
10.210742729726617	-3.037410715781847
0.130404657231979	-10.852948241116753
12.362152750967601	4.064953324426371
-21.247652334484190	2.230856171185655
-7.874143379237585	-7.270671958319873
-10.269840894574530	6.771635271571215
-2.559604148344662	11.216938898873398
-4.173013136109144	-20.195029879225878
-4.028213415583113	13.286344149714051
14.034031148338904	-5.428088985029746
-8.434910671832728	12.580487599967840
-15.263049393185380	-7.909445765296390
-0.962988398306253	15.818263314953887
-13.408090134954794	8.610585291773445
-1.250066245507377	-13.983980637717139
14.032329437996292	0.071907233111980
3.770409699296444	-10.005187293752751
12.305427118160923	-6.034870366215872
4.783681835781114	10.298847409339023
-14.813508504407277	-8.323792303194033
-19.304940204339776	3.176707092664500
-2.312912323376902	19.164271446585445
7.057356971090962	7.443400473190615
39.515985971458498	-15.961858113206466
209.205958941662715	158.565304770511659
-14.815030522222445	6.857030718344329
37.118071051106824	60.311633048810741
-11.586887279692339	37.414385971494312
8.958916130577483	11.756317786680409
-9.361105609882708	-5.654322497231161
-1.418929639097052	-15.922437118408114
-7.643726613240007	-21.827675770078013
-14.140186882245935	14.857071113899220
15.122040718453075	18.932899425714417
5.648817874444256	8.368505228320412
9.096163620407788	12.259729418836814
-10.760109611981392	-3.450336993239836
48.562126807828399	123.101482045880630
20.086875618803912	-0.104465704751632
-2.729687884736648	11.584724893757212
-14.182947341569253	6.588773585332211
8.778723922744927	7.723528420683246
-3.067359763140025	19.218385825425592
-10.567373759981407	-1.501718960036920
-13.743567504750947	15.004291655800163
9.738638714878194	3.369612699440622
-4.919346104555398	9.930044135648172
6.112613612307814	21.354400208098703
-4.178603535228556	-18.595201796272438
-2.442200975949864	-20.499994357104207
-0.198453297640485	-12.970304134254032
-20.330212751089331	-15.653362699303239
-14.317080565463922	-13.235013879166630
21.920005374555878	-8.920639541168731
-24.366339887572458	28.351458780246872
-9.922200696442868	9.909575035410848
-15.351736162667459	-50.702839455774928
-1.781032953557399	10.612215537389117
9.591289217069560	4.781982411371114
4.137565452645774	19.225280248625225
-3.311992668332358	11.652457418067167
7.970665581058740	-8.670478807941258
7.258064154149251	14.509169443761012
-11.900553326649144	-11.085471473459027
-10.957550996128994	0.918299553322751
-6.607209678009267	11.788472316439348
-11.158683337399040	-0.414361503977333
-3.650980440775852	11.794532629175531
14.643870858140740	2.742927046504349
8.205407267829431	-11.690130464138957
3.521286295205346	-12.558112956901821
13.809039683286581	6.873506731537431
-10.829620626485207	-4.431924391984060
15.242216768865440	-3.338609318256113
26.080891699553757	27.331840003359375
11.108613965928063	-1.548787267979302
-1.095202840874220	-12.186540483942492
-7.311812488413683	-17.317735031222583
6.078994366146103	-8.218407321379905
8.562372018151503	36.767582614096703
27.143297386750834	-25.564065156298035
7.790965129863440	-8.192301473773654
10.269939551637989	3.912443857704671
16.666175432315857	-11.973742749182835
-9.555904886832403	4.490028894496349
1.520146355176833	-10.366630473833457
-0.003431062757537	13.541755144063147
14.299018010588656	-6.511642240466983
-24.289300541959655	28.061747500398123
-4.265249097909492	13.205512913154465
8.981512999966766	-5.460824402067821
77.424418028670374	-8.797239996930395
11.051193638329648	9.961647399625578
7.311253923215610	-59.968926921430800
3.995405930943182	11.618450850675790
-11.945714779332805	0.054552928609211
20.038103598028908	-1.850216370418759
-0.323826071243029	-10.222430317639395
19.589676450843832	-11.583629552599035
-20.153385035932871	12.166658206866781
8.759760981176409	-5.564009071024340
15.165419551516127	11.503206128161638
-4.304204007635667	9.624323869276676
42.803864727426337	19.075674557309249
8.858667500268007	-25.126939969571108
13.728976503280455	-12.293116689659829
11.102066593032648	-0.695490592381317
9.895422562468292	-7.954922495333069
13.062350881369724	2.714183606237250
10.063888251062332	-4.322416150679676
-9.581756176876635	-6.787839532802450
286.658795580260460	-6.454061354658229
-9.206653112767853	-11.166499376434263
9.791225815690737	8.274763097935276
-10.426745544360619	-2.670668544594754
-13.487200732123195	-5.278864040291696
5.371927920121861	-39.230603175509863
10.675337526889265	20.232391726276418
12.592170031171577	-21.384548902962660
-22.949817145093316	4.904900120281865
-36.526788089960256	42.617046636368329
23.692869346431145	47.794266461023838
0.396028849479481	22.503919194896170
-9.297213952217524	-5.057026852494752
-5.821356376845030	11.506718342189993
2.809152902963481	11.090136491269632
-8.022482334597967	7.965873499595527
13.499610478697106	1.471571581027431
-10.365769165119989	-1.733849173294732
-14.104946291723024	9.464918155388128
15.746162092068118	2.849123226331056
-7.151780779312052	-14.344070880426097
-14.368204727701134	29.575164632535717
-16.084682747821805	3.042294086051363
-2.843942345331686	12.881646574179026
5.768781675146323	10.747300572560144
-10.479036075269594	-10.102437495092692
-6.991204106802812	-8.480021879508019
-18.787768043742492	-6.982835248515192
-0.075142565346398	10.656213782855591
9.382788637851068	3.728070348006354
12.476274557815808	8.084095977356707
7.914484343294118	-7.887334257095367
-40.946081783579494	24.374085773280036
-0.053183865561080	25.496393545713545
-8.495340905560042	-7.552867340242305
34.729949484424658	5.345068220870989
-4.678828257957496	-13.681935745625042
-19.856233789821673	-14.626330354708120
-26.535449718989021	4.283076011077536
4.057562513269379	-12.446684709140435
-8.939070498743694	-9.623495292385021
21.225835160060228	3.707154453253215
4.680809867412638	-9.635505146485793
17.689353068545199	-9.113841813858802
6.005245026607830	-8.369104726252138
-6.919887394966838	7.717937518572381
8.347697927357979	-15.207721580035257
-12.040786323728497	-1.081641290312003
-9.155402145124459	9.121274660428758
12.933987867701090	9.545673175666302
-9.930422143492210	-9.579750719065423
33.561958106400610	-46.604660203668864
-9.378292465008940	-11.664059040870585
-40.643913092050944	-23.674242525537647
10.802455859829763	2.233829300905202
8.956023644409939	-10.807397523787806
-6.223527333058565	-14.602511111896760
6.746179842163285	8.524128945464728
-6.761366142004014	8.120401115172893
-24.844734592533175	-30.094377727918033
8.745369268001667	8.920431456863176
22.338050751035045	-39.540141500264937
15.886027859015652	-4.681947510874561
-0.586977742686133	-10.570308122735764
-14.353708928244416	-9.566395140011705
1.573343797171560	11.025349910194826
15.651427024243102	-6.012570314912978
-16.169087226501070	-1.522438452488317
18.101295402956229	28.629840407990194
-10.451957876350997	-15.633369371764083
19.590281982871389	4.171455363561044
9.977564169034805	-14.018254362518540
-5.224913946464167	8.760635064173455
-2.866476478069091	-11.485427998826355
-12.581278713102659	-14.057562858781708
-9.160267157442670	-5.952922961427337
0.973244560978639	11.028570743508469
-0.059710064576581	10.118305384722783
5.250720923529004	8.622013089133505
-9.510816604022642	13.203014217166938
13.239530726720663	1.947459346893578
18.482887883028802	-6.085821783189817
-15.186702023973520	-35.532206320495334
10.207499821541422	8.469874899064138
-0.270338993402178	14.792060514878051
46.477051252103131	6.596231782956465
1.109278883339172	-12.440019112376074
-7.799818745172238	-11.753099828029079
-8.707760336358254	-10.965019845152298
-20.795282592318873	70.804056936954893
-11.873294386287318	1.861501436774567
12.518688399149937	7.342113820332810
-12.003052102926789	-10.843369092268050
11.930573504910244	-5.927984030908230
16.669207079887357	5.975563619428253
8.311027686007007	7.022510795996370
22.186755346316566	-6.051532886559593
-3.870134590955972	16.446725256353179
-0.819823341862584	-16.624038945619009
-6.931736602911780	-8.315059069148576
25.940812067547515	27.015766926958790
16.612562969104157	4.617767619202362
-1.188272557346091	9.985242961845952
-4.222795138109883	-9.921988545773836
-12.466762170710266	-1.581673596928898
4.276112950645715	12.906275776299434
13.230150952187506	1.072214337157723
2.350535060893264	-15.809401365590370
12.194007885202092	-35.471050257664061
7.745938296496064	-8.295563966288929
0.965044072020382	10.036293758547776
-35.218978655454940	8.798989372651228
6.773081355595067	8.929788259426097
-11.614559458950538	2.307522795431842
7.356806865806634	-28.821135127500394
9.750081739727644	2.891092796582432
-10.759948135807560	-1.073746236249856
-14.487670355363896	-4.448721273222098
2.019435111927923	18.061416903556140
-7.916554595408506	10.740080450279844
-14.451772326761841	1.586650456469752
4.517476291614694	-18.157981390533013
-12.054630340743241	9.760374576741704
6.502378145907831	13.666217322894182
-0.071282019501663	-14.318407170869976
-9.558716207463895	-4.887779168599081
3.577000841443857	44.746549341029102
-12.660627643774657	27.201266479179260
-12.374101625467924	4.829488224292228
-10.524936636824565	1.655263700844739
8.899827574652990	10.492406368484879
18.010270418848233	-27.931202274962658
0.325007629532039	-12.661114496846649
-3.527638648464789	-11.956623616006272
-71.095347951437944	-36.552795398110540
-11.000632318745735	8.058674380127959
-4.991428225333138	-9.038358518727314
14.843087005603609	-7.507392953291557
-5.596347941872529	-8.594372875774130
-1.288247829291080	-11.838040211752809
8.520613460720426	8.064162277343160
28.259306153021445	3.789322790204103
-5.362696446079022	8.856891726812178
14.031544401088507	-31.858237188062336
15.261981515930310	17.077648642286924
11.643315724408817	-2.560799620119310
11.257724451199538	-1.585121401301025
-3.166088548394538	-10.730784822114739
17.291006653348887	1.601170934375975
36.483149046858941	-0.524235129486847
-8.545581748692166	-8.759468884152346
1.835167573908368	-9.907577891576251
58.249910626587628	-21.839038766731161
-28.718954297523645	8.238586280094056
10.936927478930501	1.199353512285171
0.752618160743306	12.021181770237728
12.453687640620453	-15.316139180545914
18.446224528486916	14.737315296037082
4.436011883642356	-9.893529579262475
14.030161439745935	-8.338554496529428
-1.858655863414256	-10.931262192818169
-11.257901635512683	-2.164949833285351
-25.077390018077324	34.363993731114483
15.521599321650529	-21.623633269662580
8.330736334616279	12.436719048306152
3.423391681744460	-14.203990077847410
2.843461431447572	-17.974459570548568
-10.429871952913270	16.812553527948765
-9.269172840327574	-5.384912107047825
-6.837957434132345	-11.790522038044783
14.881086131512973	-11.838134364909834
-1.677425045752261	10.922156193299418
-12.001293825231356	-11.865922010058776
-11.060425627534423	-2.500714654515889
6.306530487495537	8.068863794118450
8.797080928081135	6.072607565502126
8.670875313738295	-14.784318331886114
45.257741720810934	-6.063683217327649
-11.486654826918198	-10.142853814272243
-11.409341924134164	2.189763900148779
15.664062079888453	0.306077647096291
-3.588832267229773	-14.963036700449305
1.133434125602518	-10.609350375140142
5.569247536785973	59.685346887057399
-10.993989718503284	-3.304666507961327
9.564688079942682	3.713768712223954
-21.131036996513714	-7.439337401261616
6.933986573634914	-9.538485570503724
9.350147615961571	-9.400750161438735
-3.384460060519738	12.286284525001554
-2.817386886035402	11.207178852946175
-11.877328845130803	-4.055385563983430
-7.736231888628654	-7.980376277061572
9.927177320790562	-3.848497571232624
-6.556687120043718	7.988732878753104
-4.427250940658014	-9.933108022831140
2.703245868333654	-12.976858097985993
-12.274625559829698	-8.877833466131259
6.815065828566712	7.761351734246698
30.174753957342066	2.932983796914810
-9.987232627081768	2.087417930762900
30.121137395496156	-3.515942223507070
-5.628480778428475	15.705842682282613
0.381897616208001	12.123467714126456
-4.494626102877098	-10.397438591572193
-3.481137794814438	-9.559435862889879
10.059628855987333	-0.635775386891961
-3.946935611505883	41.473064804436589
-3.209852394579257	12.098156236907188
13.546122341449154	-1.880143790788701
8.512803088997808	13.694878474613098
2.891059695731649	-10.051168651794489
-8.876878313514185	-44.890010644600665
-15.396700176406860	-13.911981132732231
3.518685637072600	11.595742873871540
-74.630342329532482	-19.984331520883739
9.659995826223540	-7.123918200448466
0.870970399005571	-10.226344697751315
-1.919665898607439	14.092586733357521
10.721496894283838	1.659279693527862
-25.263270086844713	10.518453584107933
-10.524459795186552	5.201142710297896
-15.599020821687741	8.714989631213177
-13.548334367391178	-0.458775751546437
6.347359320117913	16.352998441188486
10.097783382561769	-6.452419615933316
-11.304512637470017	4.654743660056716
10.626400455162390	6.177178180834176
10.196123894421119	7.632718620880159
-10.243668901541987	-6.035003073087747
-10.025653860068376	-2.742513714888944
-1.572495414767434	-11.194459521018056
21.010999512233138	21.062673437756011
3.247846611897931	15.326587667398325
-3.159312824257523	-12.887767418336212
-13.145675057342396	-10.178279029315284
12.930685700143993	7.414787255957579
16.659170941878838	12.565839310387668
-9.646581977686999	4.876395296834979
20.104345982610337	-26.229844718683982
51.342142994060715	15.791574864836724
16.533705832619198	42.234321586396973
-11.401744122845024	-2.067315294641261
13.061837626418411	8.397623809165912
16.941469330299640	-13.857023256757547
-14.647820876026481	-0.662297920843866
10.325270172985245	10.556070766433802
-13.358850158928760	10.037397611673667
-16.180717236419124	-13.230010668242317
8.408329465627709	-7.503355497441886
11.640481288268781	1.717180744027567
17.716023227376684	-0.310560240617122
4.460046384109071	-9.473469820148134
13.846798195036280	-5.288564631360306
0.272666141571533	-12.657227504754180
2.971261710866433	24.231466655440595
-2.471325010850011	9.741934979176023
8.153377517945041	14.371543291931786
5.821163863233733	8.477817956718390
10.351625807510244	44.067691602222652
-28.373020942683986	-34.815582825350930
8.916373715616997	-15.562951744567545
-19.094568236229097	3.914609147060090
1.015244705901247	10.658010924959886
3.774614432054281	11.878964728749256
-0.157890747588837	28.870301348677383
0.336942750592689	14.580118569041769
-10.001982813910599	1.582206943293564
-14.021890440995408	-69.663700745458314
-16.149589673974084	-3.469493938436132
13.452380414169822	18.364216958787264
12.816259568212201	-23.275169246272341
-6.034337771365505	9.089721471456755
-4.197218770036728	9.284086436304873
18.059030459013911	-2.752019306571281
4.546588875712999	-13.438640680205358
-4.970120954407480	12.520142407455479
9.725281710252162	5.509094515184406
-2.586840410334153	-12.364616029511845
-19.900239732256150	15.837537058904459
-11.298342052266612	2.083550749274640
9.845340198125236	1.768681784154363
-13.424738902004393	0.725097714571749
6.657929676352511	-7.664839770719494
22.936073203825327	-37.323870224730257
4.438047004190919	-9.008582467478089
-2.433495881493144	-12.854641915403304
-14.354457565715371	1.414908132926381
-10.932410882885140	-1.423128209706251
3.635271073969915	-12.587239358606118
0.104654377343930	10.921320293363403
8.985975027100569	10.522271962247768
12.802951966768623	-1.039167333438969
9.007336942053650	-8.392854940409631
9.301295226953988	5.301512158168570
-2.931630960284473	30.700189705222719
-10.663632618436816	-6.589090227434281
-8.947756469967153	-11.603657699647147
4.970481866690622	-11.426394679121465
9.709039779166739	10.769661995008546
-9.950150780980040	-9.903281772503448
13.960823331276799	-9.399100634938593
-4.861684402101295	-28.850660644374056
16.722415095981454	-18.795447595060931
9.772892682533374	-2.936137440217067
23.779568106948524	-4.161079031034288
-5.683799144821166	21.531661010913567
9.889169082684241	12.267772654777072
3.761288229254008	10.771191034451755
-18.572977516428523	8.969316392049818
-11.834270370494069	7.455050437071924
22.970979115784740	-18.711907714558404
8.790526939744598	-5.000462402527965
-18.709468031330580	-6.603166170896442
-7.480439802050330	8.426644266829619
27.232446624127093	2.058749548878323
-12.756828710022209	13.725936807663217
-7.293835462530362	8.699157759837201
11.568645392812430	-5.962155871507776
-5.203155903179374	8.645138581880557
-12.802636658672029	-9.056799859889971
-10.928969690932915	3.229495099515681
12.224519142041686	2.472415937413778
5.719958290341704	19.294527453375856
-15.090462795058500	6.100031120858830
-12.682550285495738	12.421864403257221
3.732742092959973	-10.181652402797758
0.353275640015276	-10.442113812539519
-26.107687787363460	29.520990720889369
-13.533955555672211	-10.843759611038815
-2.828556088484409	-10.059351341011549
-9.870273806931012	10.144797505831061
-0.597183763352242	-21.178706415735139
25.326933284444891	3.521033077412497
-18.935800010902184	10.324376639428053
9.139422536190997	-21.776101607124684
-14.163531502000387	-7.362249205544678
-21.238901381179211	22.007815761649475
-9.382376823494008	5.428403419776394
14.253483345854242	0.190413214829880
-11.635571916974850	3.345031512100344
1.394026365445633	-10.446147682158484
19.183959856348508	2.105067910690670
7.866695510655476	-11.895711077326611
-93.649565680325651	105.627370625207305
15.215005480876410	5.777156718803830
-1.670667674738779	11.869771975715940
17.901240471281856	12.458556080313503
-9.495751681535459	-6.048521391395322
16.355910830355764	-31.042293816465634
9.786032737673237	2.487619143964690
-0.832595142407021	11.251494372946341
6.678414930533513	-15.945615349728476
10.584726636520466	7.114014678689383
-10.679526333057360	-4.625655657511680
43.880867922301640	-0.852600977271138
-8.951659596743010	10.977576769965543
23.002614535073331	31.379147501548449
11.838382879069352	13.596799270615637
-15.595564231692636	-5.250608086671695
2.819332483145776	-11.096191218049919
15.240565730511568	-12.160073191072286
27.902962566300239	-8.832308650028985
-3.943023414494981	-10.639079138380136
10.542216288024807	-1.774536444333553
14.295234568338284	7.086146707578586
-11.743178279725360	4.442226518037018
4.819563494751788	-9.527837601190370
6.761579266557523	9.381327314270047
5.541904795497302	8.513223479994307
3.666475884737861	16.037157444209186
-16.954049933144411	2.191857077785117
15.130985187922169	11.996612571744516
7.950915888215174	-9.228345609669224
-13.353678836214115	3.975820542939076
10.080416750748165	8.577481993313249
15.572524283592367	3.835537524208504
-7.471070337342300	18.417937327025662
-20.440251270719276	17.763676809756230
5.032178030612938	9.120580878142581
-7.639778483746873	-6.767205602288561
15.692948158525153	5.715787931674528
-4.833442440805501	-10.125410080785770
-4.091003456868590	10.393304633427631
2.692826982581177	10.310145312545538
-19.853291755822799	-14.784925675181318
11.093058322267536	6.590804086492473
5.980546738892824	-8.089373232702227
11.148979587782009	9.173681659547375
13.487976079686032	-4.565172134481756
-9.967844366321161	6.408235379573677
-0.917211974731600	14.569182575744641
-3.436345253575712	-11.677357036368937
45.403557849525811	-34.130948961153116
-6.347230401376073	-12.208842813829934
-10.505754255548132	4.749188124919372
-22.535258910411887	-20.121507364216654
-11.488070839355769	2.174116988244587
18.202074344882217	39.953223291100244
5.963612687814151	-15.836576731744625
8.864892447780447	-6.541167591023387
8.796409724916325	-10.566208357167202
0.775023964162891	18.291532573816479
14.476365914029701	4.143608999243026
2.629698084052518	-10.629553036645705
-14.039869820899135	-5.278787706713240
11.190052939345485	2.882818302489860
-0.400512671903308	-11.083662056007761
-3.658365149773566	-12.146507966120868
-9.299604666644568	-11.481541756751643
1.191005577540245	-13.915943805582684
8.592035652000822	6.315754086679890
3.723013577442565	-9.541046958488694
7.445298172748840	7.012159596594102
-3.006517567767035	9.894398406195505
8.298818877605269	7.018750685878576
-10.915382659055300	-2.506213307948320
-3.526317059022509	29.537716413549845
1.125633248274771	-10.116143570617405
-6.795361061672036	-9.569371677225716
-10.521001221178560	-0.192299187746511
48.300774293280767	-22.438087951007432
1.857775563162154	-10.354538778271651
-0.583894892196158	22.280472171122501
-5.405813187150095	9.405467005131637
10.367248984230805	10.137650387785476
17.926608238498297	9.022790076010397
-8.301676095501186	11.246695903885382
10.071406413703007	-6.801759286910543
-12.588681483902091	4.950045692718264
8.728766622518272	-14.561917911903025
15.365994418764005	-6.803660541760237
1.725629357180916	41.727288399401374
-0.917956083409773	20.149190870806930
9.946951533009758	-5.890521245902844
-6.410285136639121	-8.176127018347351
40.415814970211343	-17.540343134618809
7.728738645611278	7.633380165464406
11.809361745776245	7.562371840666482
-3.899220756964009	-17.218276216196962
18.095924670900157	9.271287011556696
9.866091436133553	7.189365528976709
12.330649110609494	-0.985277213859090
-2.733009975477372	10.394141320943572
-11.446535386001077	3.424048733107331
-9.154586756725863	8.267040453692433
7.838079265964799	-8.757826502392895
-3.515449732459635	11.935650287361051
4.975984526338382	-22.419448048128210
-11.590613286130031	-34.181655388767531
23.793228770182900	9.531672238638423
5.283947708854457	-15.542702777329572
1.217408901991461	12.341999083081527
8.175760962173571	-9.666740657445372
6.628621643409904	-7.538716261278259
12.346256820708033	4.527285879012525
-12.449010042220584	10.283986727869324
1.851614237746678	-14.139770920308628
-5.641043559224705	-13.270191274492364
-9.706771218004688	-16.509399760782173
28.825710110181415	-5.753893958629160
-15.355250603543912	-0.738539015988467
-11.554836086633989	-6.624246018701089
-10.519689411014765	2.769783704689233
-5.725453743491420	9.085114344157351
-2.612374297232530	11.176486117459621
-10.860822579346578	-0.704224619235604
-14.835569719341782	-7.625474967083615
-7.618186793252766	9.469397664953174
-11.388246220951228	4.028076621420851
20.434732522470956	8.416515497839629
13.057615496479713	-2.457557199105235
7.650324854903904	-8.529688945144407
-4.961096608448386	15.369148024006146
-9.679136294846208	4.926692056698611
-10.101762450037464	9.130607964228629
-8.329636223463776	-11.676806357744978
71.665689999867212	8.846935177958629
7.067085007033922	14.187840078881369
9.388564109589328	20.583448378596721
-8.317702495259068	-8.707024493945687
-7.749602617992964	-8.981795540295034
-14.706455077614608	4.012631224544863
17.201617092831686	-15.469257893611509
-35.265526910822125	17.963314441934592
-16.979900300207483	4.887422915369151
-13.245146696314324	24.514224725659378
-10.503194671925208	-1.455924413785874
-0.186659682622568	-10.041406861586356
6.577275533400524	12.398426406617840
-10.156357651403201	100.126153681154250
-5.617387176431007	-11.729519323875696
-12.572798333459948	-14.395913131440773
16.668695724617077	-4.799967278885640
-36.114011420736645	-36.701026668249639
16.519000751243791	-7.389539100583869
2.669696154618438	15.812335676785704
18.902807067332247	-20.625510857272065
-9.410742472313075	3.966549298908752
-7.101569885970700	-7.737345310337655
15.161311631323299	9.033733534888807
-6.527930255139473	-14.681609722965570
14.858935435292135	-3.040554438609395
8.910263588770212	-6.421806208719435
17.943131287865505	3.480392151429262
7.460019729470085	-7.751922593273409
-12.408283578660765	-10.362932103733510
-6.909303761021993	7.256686615058199
-3.425752753877984	12.719673276444057
7.639306127387642	-7.345617688810244
-10.990365334758847	-4.656118097226984
4.299044036225255	-13.724764857849761
13.100980772316497	1.688245135161103
11.949519033310565	-6.073296493574922
2.642343727165374	17.949082866031819
11.214395681746231	12.215209958067360
10.413796169090681	-5.266303886509907
-51.293414037235898	31.093297892054125
-3.530396313001002	-9.814575347775547
43.933244168046031	83.611939970261972
-7.349563057564188	-8.721016148732232
-7.132467480838127	-20.035120080968060
-17.332948612759385	-6.094145626429349
10.189816711668630	-8.078044925568895
-18.453987527337244	11.505152728411296
2.970078834638470	-16.927999332023298
7.544561171126792	9.222750214154303
22.812211061466623	-16.799851822553343
-2.804955697172182	12.251398308408396
-22.151085030833766	2.175262492472735
-27.298243306354095	4.611316615144617
-14.313768847114106	-5.856868521208522
-9.718843177369742	-5.370493919138792
-0.809684415159692	39.031330301567159
-63.185252909593494	-50.262365923507716
10.111756994727134	1.682837383265349
7.944191182372838	11.727225004734635
16.382262747043136	-3.453416452928800
1.330843944982699	-11.000782908078325
6.007620326938188	23.647048761458450
-2.880541057119852	-11.053104609390937
40.139865476663623	15.116635480948057
-5.901872320841926	-30.680141849569235
-3.869763483560788	-11.883699952102994
-10.628140479954501	-1.227863600459494
-32.550314476529671	-11.015449835990234
7.243265167094118	-31.748083758318963
-10.545220301540194	-1.017738729979723
-0.249993461436227	11.011179792654538
8.119809540993542	-7.168624414965041
0.974065569294413	-15.561509228489356
-13.885554224624769	14.450626467427918
-10.460215920029629	7.653292628348024
-6.876428643562813	26.168047384664888
-0.328661139602184	-14.739677561506127
-20.383208384860467	8.782479824946494
-9.623144283293147	7.544522866492875
-11.750573803024063	-8.060141149510780
-20.635408885956927	26.376101379743030
38.148942500772492	10.859898362068801
6.393634196603085	8.598841293255576
7.803505901914090	9.873300908666645
17.640323560523644	21.501800451130595
-5.606703599525682	10.853140299622007
11.327591892369345	-2.293663531331005
-10.638053456194754	7.700052247086883
-8.559685798275702	5.553675701803677
5.860933390737000	-8.619381759847556
-9.683628581067158	-8.077996174937367
18.553490414090756	-8.277169325134816
-13.770158583626536	-7.844186305516483
-7.979063375868748	10.234117852789073
-11.858877029279265	1.648194145774536
29.026214536033166	-12.942442936103285
-16.205328321794791	-1.704547600312736
35.114060216898892	6.626909140550841
-25.995845563606348	8.125198026798113
-2.824898131872937	-10.844965600559462
13.200595755353723	-12.636566785378200
-16.244571236207271	6.541661113284559
-16.950412400926410	3.554817149215669
14.709368030643061	-81.898472137642202
-14.147675379127088	6.827370390440074
4.816511630197000	-10.006413237294362
-14.805037111041814	7.258578966818934
11.679774670107074	2.174519880675276
12.090133798517494	-6.062850763760423
12.855863228714490	8.574631919021590
-9.630649034836280	4.061523576970834
-5.273337624992605	11.383456984266505
-12.536166796141549	0.645147259282615
-10.226201379728044	-18.420553508222053
17.105175844650084	-28.945395971581309
-3.035690403160612	18.027762067593159
2.541489431711486	16.894301236027498
-8.885332920539813	-4.596776541341479
0.896703104955172	-30.168771734907498
-20.511409786753294	-15.420393931104678
10.076874704547370	0.749454815070318
8.985941797867081	4.520956742648611
7.112461671440063	-8.839071964898205
0.139167110863782	-12.766390661797949
-26.262409168973186	5.660309897739078
-9.318707246061082	-6.811815968007129
-1.109192963617905	19.971410908300342
8.859073909868879	-5.331110667238881
-18.678973477301724	12.507112353170889
-5.625905925156147	-13.945123034934383
54.585813046788608	-10.694683508643843
5.715488615413306	14.903302873068959
1.864077001310147	-10.721986268312316
170.300124029803129	29.409745569517895
31.495761757376822	10.384614211848515
-25.545430775901792	-6.599919317229863
-10.492524452584798	2.164472755851974
-10.702992249060827	0.341617718320247
-16.338722241056619	11.623634832844854
-14.540325887600325	3.571179271472092
-10.831332546980850	-1.926257449259117
-127.566682480493313	251.675178630640403
6.989299080562917	11.694397521831860
14.054868376527999	-5.026159938510786
-16.894186627164366	29.336727123848846
-17.884269686259195	-1.557632581783822
-5.973035699548628	24.472543711438281
8.421257160987317	-6.796877969481264
-4.296861627833948	34.083616726247250
12.478217191208634	0.022345789134635
-2.331832680249183	13.362256379510596
7.869072595561451	-6.288600685382797
0.146785758801033	-15.909479206452779
5.375499939755428	-12.473358207889190
7.422265163800310	-39.319332713691672
-39.906996218777515	9.429259701923408
0.753042440353660	13.623045318285676
-8.318209097325241	-7.283836948909277
24.873213280023418	15.337256686884807
-4.818649067524133	10.857781680336618
11.919868715190209	5.005872364940298
5.437715172506064	21.252240550019458
-33.913807874912258	16.806720837328754
-173.166516104718937	181.403373403425832
10.371698753933961	-8.568488160111881
5.962770066661098	-13.133390934947963
9.173420481914357	-16.624149339555483
7.153150906809000	13.477065159576584
14.079435940750876	1.900931029908834
-24.544469792939818	-2.927754834143483
19.922802367453176	-13.883127727096067
7.130705201432784	8.536907038845321
12.635435065855230	-1.279072085696430
48.083675748904426	-0.777061043458143
-9.514469994583340	9.940193644164964
-13.359022640754519	8.392092008545342
-9.801402328457261	9.262086819824365
1.262453594452202	11.012379874424685
6.705306137713460	8.479839094121616
-10.197188425305127	4.533300753015612
1.030747591090567	-12.951389803929308
24.052273377806248	16.019801815687465
-7.237821555523250	-14.181232765935155
-2.627901932267861	13.982241974924383
-2.973310857074570	-30.941900574615939
-24.228525495195875	57.629275610876292
2.003436106595614	16.184478893607299
6.397354758440154	-8.056774934429820
-6.477785557774544	-17.359052462809089
-54.369333819928848	49.970778234373910
10.746720707417698	3.481108364289326
20.199380077109748	18.989295560453098
15.371584814285042	3.928726008374844
-19.399800450640203	-4.046126235507368
7.864679975382401	-9.254410806487593
-8.616440817342903	16.598495214410242
-18.351873586117261	-10.939896350998938
10.075514255272418	3.296137638593115
39.307792812237466	-19.544222892635897
12.831386478717851	-10.240872922490615
23.776510557939954	-17.956305537501191
-50.957898402996072	-38.784946862807729
-17.904026158540557	-0.000428096625713
31.168430730455764	-37.912046092624060
6.851176355823332	-10.178281716084923
6.213655453766931	-8.941490088761624
11.090732074086052	6.695714713984344
-13.735151574852386	-12.460165966690866
27.533028580770228	16.904211049701853
1.582328029577773	11.147910838124629
-13.382566368305083	-0.795625312934025
43.463148391008254	2.613710868084637
18.165927963504476	-3.917977922550457
2.718241908668051	-16.192931284664500
3.458641180246799	-12.740694794855830
-3.604073883043781	-21.671804235817408
-14.191697983931716	-5.129130600782305
-7.712890294531189	-7.910996705233812
0.958932373601723	10.506177684456054
10.846111973777287	11.530364326197539
-13.540172138333428	7.307727030067913
17.832335418808569	-5.597262751413083
28.338195860229234	12.008124058618561
10.737497613894723	-1.220061397787557
11.292063245428039	-1.241163634960879
-12.091929934172272	-8.182039691438707
-8.578306065271150	-12.948497718682971
1.402388140789389	11.289176044510221
-4.217916657887646	13.242293505671384
10.008515774696507	-0.397332931086148
-18.296674956684761	5.644881745676140
-9.237286566132797	10.263640187087976
-18.266351100691001	-25.449377406550717
14.375402791748684	44.092341003100358
6.928325030604495	11.001217502938948
6.473961891558873	9.810005657113939
8.825547010494585	-14.699574368474419
11.751035436947753	0.103923717742814
11.222415357604804	-0.784134419963138
-14.045917630195291	-2.931798255315096
-11.279747191735327	-0.251582788821613
-33.522725539336555	11.753586416397674
-18.649777141585140	-5.462928782062773
10.601095574572671	-17.742993674079223
-12.088558862557235	-0.640282064426699
-10.791789245290516	-12.088917112051767
-9.293134996769489	-5.808996302167390
-24.976076472069494	20.121791854695655
3.018947717724286	-19.899179329424875
17.904106059610147	12.404271726684161
24.313608108395666	1.873037582600895
12.248339109612884	-1.555431278284680
-6.271534961529758	-8.586406421958085
-9.507239704911015	-10.789943970677012
11.799908957611041	6.145507538737281
-9.987260270001727	0.923408242874605
38.750246301088580	15.685228543657869
9.126912645707399	-24.696810433518344
13.903704317891515	9.241266999334613
-15.613049951211623	2.785552288485839
-15.063781330663121	-1.624273329274044
-18.277804451145048	5.234982698604166
15.186876023431688	-2.305991608483890
6.737257464752471	7.610584675834046
82.043314750779146	16.671419206030365
-10.359354469158466	-9.034152047545859
11.819414328728870	1.035623157505390
4.039525459127549	-9.436995559613447
-14.352947631375628	-3.510161853971891
-7.504886493843331	8.630023659153494
-14.662880393979989	-3.318213129332472
-8.123385486500199	8.279756581442410
17.331219502848032	2.975348305731388
-1.577314953784290	-12.653798999920884
-9.916739847492337	17.730521760298508
3.504692765581666	10.030019453600566
1.582539983742659	-12.075000595454524
-5.871376713174929	14.938360604442352
-11.842150516341189	-10.318414183143622
16.060605510121800	2.938326873570082
7.707208291535660	-7.850315089878514
-7.225378345794100	9.413032306558332
5.385912449745338	-10.479568027846277
9.624441883239472	9.159131733815414
5.194366040531206	11.186483232174012
-10.900625861605295	-2.430074791300403
-6.500745018327992	-7.775877260107215
-11.999168526460085	-9.710667831578702
-6.095146490595220	15.234171594467069
3.378399141873582	21.649358924358935
5.350292876059760	15.607918386005942
-16.558173020042254	-1.495477270318401
-4.774648024397521	-11.324801621299681
17.038542710099396	27.049365600687555
-21.553319284559215	36.381800922829392
12.753229431286389	-8.605297580207999
4.869273428063716	-9.221379872134110
7.163936402981551	-10.334637009257076
-14.406467527277044	12.570605933200479
15.424843691586290	-6.668630945321167
-8.751337117308662	-5.147761571672637
45.710887270119599	36.826617344419191
-9.896862502765424	-3.746900744038362
6.116758586163887	8.017895581070441
0.668318177699000	-14.181704676827783
-0.919445967430549	-16.037168175138735
2.080776256980261	-10.541997356435955
-5.059804230507610	44.736383166380818
18.384908100442619	-3.875389980063747
-6.471727498716926	9.841569092095355
8.285869028823985	-10.060189572925442
-7.999462882328173	21.419372099767784
10.608529463073896	-0.444742141496111
6.808444808085572	-18.946595113257089
28.369273411800712	3.251257765520319
-13.014108223186282	2.733099914665164
-10.737271556843817	7.598071730102545
-9.820966601751170	3.484594285568062
-9.253278188904387	35.273165194575832
8.082475764838772	-6.182121026097049
-11.920733936790510	-8.728456374866889
15.171096323656077	6.262164793521393
-9.139097434480114	-4.075509544689376
-0.835917619150031	-15.975439380745271
-7.993810703837435	14.867738084388339
-9.398937710587525	-6.467902353491406
-9.391212501294703	-12.745299174007521
260.915827026397665	-19.400834428907523
8.799013745593516	-21.027074837269524
-15.473255052488481	-14.048373617367819
-9.287149257072114	-19.740855479736581
6.648096039514676	-15.838608670410837
-6.463445590180664	-10.719850863846252
-3.715825179684355	-13.091168283746992
15.579348306971429	-14.166353215781811
12.685527890598813	-5.691526216356011
11.581552249277655	6.242261196599007
4.585305756551221	9.357860110034711
-15.930549548146029	1.383937883235881
-4.850481862691694	-8.762301819494825
-10.490450048371885	-4.361344765065034
11.364944759066631	3.901544553894164
12.384559835315473	-2.771058392984135
2.332724279989903	9.852670261897455
9.023350366812734	28.063264119834301
-3.376324765275857	-13.014683855264893
-12.129409601489387	6.909331513574418
10.059172763235795	-1.207774363146306
3.926907429026374	-12.611831354332661
-9.378742102107642	-5.291028811681613
9.009994343984841	-5.029115773150954
-16.691204142238803	-15.022974782975590
-9.238417198904864	7.422538314965651
-7.468664321876385	-8.876534418891259
-6.392506872514444	8.430585146697096
-1.007814731173232	13.484202919995138
-6.434776117625317	10.252045568002936
25.366077476105982	-13.409786053861927
2.339337326293396	-17.370334353030909
-11.189871145753875	-12.466141341836854
-14.450579125481921	6.614042346956645
-11.227754099397414	16.425048523516736
19.450238066594849	9.502651884529378
0.371436553285981	-16.827689514367258
11.894859692020054	17.196411549861814
9.435856925721579	-6.072622718492338
-14.013607569750771	-1.900738841314447
2.965154164409926	10.370768726320092
-1.964549806297947	-12.799924272290324
12.579911383188767	7.186230736940079
-10.274727648140990	-1.492962937017090
-7.831124435874695	-6.369313010615283
19.712364813106287	2.970571609254848
-9.964313605980363	-10.056723544371206
33.604906413481501	39.401056024961299
11.872308097835207	27.382458456702103
8.658723307984870	7.816440582755046
-15.456776560046739	1.102127834554850
0.237597725033921	-11.079101885216327
0.615114234509169	-14.497935870455727
-9.036137477136466	10.882942586359750
-8.847798896144818	15.802622289059871
3.029428774462867	13.265205099589211
-1.263237301083091	-11.501144553532939
-2.381134883562564	10.667667098547238
9.850499914463510	9.592296709656594
-11.841350669838526	-6.677633092578379
-14.833119721391977	-7.883056680905221
-8.284085309399337	-15.996036194864001
-6.846111631224588	8.975652782419235
-9.473154937580281	22.028622806035710
15.324726936498131	1.625699134823594
-32.890193394740827	16.823339052947034
182.262355944218655	44.772821153788747
-11.155978365728792	8.656524401878221
21.699713028645331	15.476391880752175
-10.099385927526377	-13.940303175115606
-3.819382280174319	-9.820654610740258
-5.460769261993401	-9.100333396274442
-11.208201970389363	0.708651474711021
12.700029418520913	3.814269123274435
-18.173697720676699	-18.345073073200258
-7.140048315167373	-9.821562371217217
-6.490533184174223	-13.398559302775102
-14.162346383509430	0.266213251177505
-5.447587732820757	-15.302661814984484
-7.030649743032074	10.688567125579393
-30.843510443671700	-24.070641130869525
-10.056398030710893	36.701022909195359
-12.589879927790578	1.485514676689490
2.851180681702313	-14.730353234703573
-7.880777569616889	6.623407316102381
-18.910045671168923	-0.145720454785641
-0.235882826587316	-10.682946913123228
-1.683848923097077	-13.182698591867950
-12.968771294284792	-11.037780937284017
-11.319712619375702	-1.326909846882310
-6.736498955612948	-8.450757229542996
5.891246421583265	10.089163357186699
8.526828469979801	16.892467638745607
-7.043082350852875	-22.030625792260143
-2.573596071389459	-32.135042608133638
-11.311720557319250	7.220740301263067
-11.111825795736294	1.729423479148410
15.643347642311658	3.030622219416475
13.526435246234060	-6.846138756287326
-16.964691461954590	23.610186683482901
-25.582709285119353	9.256189370103963
4.130033982340090	-9.918089855448516
-11.221604425447552	-0.510600267152032
0.635057820989649	-14.205340864202842
-11.357900806464594	-1.850652328087196
14.566556043947383	-6.045320612842981
-15.509614966187087	4.959416793468085
-19.461730666610531	-12.043005831134714
-7.868397745799664	-6.815728110874668
4.219884521423777	-10.377237102951003
8.817973710929387	4.737347182144761
2.991318409956894	-25.204201566582253
-15.622294691188596	4.701250625902987
5.708236175300854	16.137251023725486
16.046111730077232	-1.782813681438424
4.071849668068010	20.495220151862448
-65.361427776742104	-123.748164127107273
-0.129889418918093	13.358562295562413
9.575382532678296	-3.791730219001771
-16.642212209744748	9.809367977478333
-0.921303488790421	10.207942318058944
-11.315162339503464	-1.233313541180239
9.423546251086892	10.508360252028870
-0.216678183829461	-24.037911328772179
-7.811426018252772	-6.422869031635497
12.027995141630281	9.032374289462071
-9.655446588389074	9.749504293438148
2.518685244365230	10.577514934430690
-10.379061288999116	4.029625005171771
1.744357019957301	-18.024583202492980
8.701159574205997	-5.467712103536996
-10.081198777432293	-1.256473914427812
12.265525642509703	-11.504573219721626
-22.319513678295767	5.498289966478389
5.650892005745799	-9.591807769634139
-24.959464585634656	-8.320008789847549
10.657745910382946	1.428587443013028
-0.445184242821574	10.132089101509006
-3.747635305677753	-9.811031476843578
9.790933121162768	-8.122211046633590
-8.051537070742466	6.700606979106826
16.843602990445724	24.494946268312379
8.714942803346887	17.016776952024291
3.204447892327099	21.338114462601720
11.466983671656251	1.613910917382462
-3.135814499274903	-24.944664409067475
3.444056103873023	17.952735209085070
3.572273619665152	-52.582251395731404
-5.757178939334169	8.667740082873070
-10.903828661057720	8.625408175164676
-3.482749138125536	-13.143431497094195
5.579755671304483	9.799864681209746
-9.204328182506702	-10.994626526616397
13.103206430258128	-0.743062733104373
-17.821130287766501	17.461621729571021
7.741189472584971	-12.037169962968610
38.516420648841546	-25.398180057315923
-121.735994168207881	-10.642627780706908
30.865870934813561	-30.613866309874087
-12.351959044164241	24.979105548355424
14.805727693650812	0.542348226051656
16.716397098701915	0.332532568105129
-8.113942220842571	-6.383306299666276
8.205776705694436	6.601731086137288
-7.818478097843316	-6.315834067286321
-10.540781123701468	-3.430144920649195
-8.889746996857815	9.792905777422074
8.446280106167142	5.507926336985627
5.916252519967005	-10.710157158016038
-5.608996789084211	17.543686970014310
-2.893230247249489	12.644784729011935
-4.049482773009278	-10.209688466158912
-12.418113412706973	3.251187262159172
11.678426049243477	4.970175751102246
10.095120194638568	5.035534415898986
11.608376008070074	13.750977477114013
10.137775325075124	5.926216805505425
3.123930304779381	11.380777057569070
-1.084114003027119	-12.305216089500313
-15.386926329198952	-15.727133555868669
-6.206856312192214	-8.298931356375270
7.521593812093837	-8.649120372014321
16.358771347164019	3.773783165193938
-13.540464463066215	-7.141010031457277
2.220497091622833	17.013916708911871
14.442102443729967	9.955903155146776
14.115823999468894	-3.588870591548761
11.309702835994536	-7.267681548830136
-13.657308672561417	-0.351922260390481
13.932211934658765	-4.107297432476607
-10.652772410593435	14.195546381274420
6.253233567344850	16.836658451366670
-16.156833006017969	8.953187191418579
-7.036360539422424	-14.690787938087972
0.068896408848032	15.257425155949093
-5.134931309418214	9.143861578720934
-7.885676667507049	6.778973364450495
16.881751987097168	-7.411824538432223
31.854825052461560	-42.820649527479127
3.155708324182283	-18.168478172300389
15.422140688772059	10.853946360483567
17.846946663842495	-21.299194770401080
7.724312528222960	6.816791776669690
12.993762983611271	4.998588950772690
122.235474258765677	98.307308118676545
-13.964105473395421	7.131399276774199
8.033846526801284	8.921196860198457
23.208569074582378	5.688135449180552
22.118666454693070	1.534795811305722
-4.222418310068092	-9.496568897081351
-10.907385814976212	22.149202718031560
-9.646019108049833	6.401026649461027
-4.851699936405172	-13.018468626928728
10.908703011844169	-1.156655043007738
-10.542946908583030	8.675605286868443
8.512109625416397	-10.302395152697812
-10.409769799569469	4.479075783379836
-6.751895831971943	14.189937180583245
9.669947546252171	21.414384445789910
5.100315414194328	-11.934008014835117
13.229401376281372	26.315125676759436
-8.878316323274412	-4.737896937735020
-6.049430156069945	16.925399201496628
