x	y
1.423992495762505	1.635183618973206
6.735175453474502	7.315287968579375
8.446454534576647	1.915391684436280
-6.777842296754835	2.873847409419830
-4.284265680612390	7.088819599053680
-2.566855073852703	-7.399174132360506
-8.205308968207730	-3.551666451453270
-2.026568517803751	-3.601158227343778
8.973259323001630	0.228168780082695
7.260075276289054	-4.042782637150186
-4.633995711487254	6.976214894389604
-6.459392361818311	6.380091652536060
-1.316450719755057	-4.296337327304637
6.028718517203751	6.722257191418335
-2.680716734577097	5.555068144554808
-5.574790658283879	5.623157165053910
7.661299610041596	3.398184997262419
-5.765417194561789	-5.432162360764903
5.399088781350111	-7.557300844120744
-8.466263384356711	2.143104347066010
0.194171211694464	2.971009466203118
0.973700254394219	7.550479436754869
3.666266680128953	-2.277486305523800
3.481814351729436	-7.384990100249624
2.087572303772315	-8.295483724336911
4.270051425259521	-6.203492487875600
-0.616108139786130	9.181920775448111
-3.851206968049170	6.011318504338516
-1.252524809536312	1.152493004265392
4.154872528451985	4.458383700850638
0.456396323251748	-8.753617927892249
-4.463982276972862	-5.391901327033055
8.230416862286795	2.932254659379804
-3.156032331446951	4.012881100723082
7.303643401924983	-3.038783630661889
3.428308018753105	-6.621721869593689
-3.675816472889028	0.754929388230404
-5.113180590803346	-1.268265492271214
7.077172123176062	-5.875194814946828
-7.618343916278357	5.327931287355263
4.448679404916181	-3.803645509806195
-3.873204686935465	-3.384059324414422
1.115374835817536	-2.706818481226303
6.210342138481368	7.103357900350312
5.820393281328123	-1.329021090698733
-8.301497203261492	4.966667276842396
-6.082757963664572	2.025568271012987
-0.440755208644121	-5.417266444935544
1.778122855623593	0.504229627704765
-5.641223311109169	2.887784125565700
-6.182725816488430	4.820377477266853
8.157521749455125	-5.271299459901559
-6.536501905083081	-3.342407908943539
6.337516770559809	-7.376186327777486
-4.456637743743540	6.780774386656058
0.037478988915458	1.575706819514654
7.447643025290910	6.266103775495325
-4.692763446830862	-1.977148880535093
-1.690474810796939	5.102554953968262
-6.760376534584416	-5.853443679451167
9.114561261877681	2.413423140511171
-6.554601860409341	3.605529759573385
6.665918189463167	4.579016927675034
-1.660991228955735	5.457814367182031
-1.410708640583206	-9.283569070265795
1.835942221066543	-2.303890688045902
8.080901053365395	0.804376740993091
-1.375653881355447	2.040096160858969
1.698233276951603	-1.991277407462165
6.029722210664015	1.909809237124268
1.577573530976857	-7.048617309369216
-4.388348441015548	3.275058359438306
-1.257331374092588	3.106291698714185
5.508529115003221	-7.874273257147007
-0.640089893321255	7.347301157114408
5.751152598355509	3.530520123241948
-6.672950062077466	6.700411912714795
-7.602732288347585	-5.793353931814576
5.207439573071126	-6.873875604590147
3.142871554504499	-6.472521365059682
-3.166356572878829	-2.352634564497254
4.391326328390219	-1.659793787579218
5.800611273758026	-3.169542110904965
-1.339418592001271	-9.684871608370139
-7.225702321809791	-2.307807790865760
5.072484866874627	3.275216117982434
-0.894890832355847	3.009955174344724
-2.564762370283517	-1.709916217337187
3.497715276727392	4.279375143889378
2.562670385843798	0.773140226714866
-5.619261708123867	-7.857153635430210
-3.411681431196543	-0.892155604285483
5.852087319716017	-1.107257606318797
-6.253810723294670	-7.530310912187929
5.239024991317330	-1.733130705110937
3.282067209782408	-2.577204167471694
6.274523788236764	5.404512649968186
-5.798903312058830	3.435865203086212
6.691436897296514	-4.627879227710420
-6.550958516117549	2.451071983471163
-7.103153683184027	1.429807826273217
-2.033448028542564	4.543772477443750
-5.323445371267904	-3.008569802438944
6.959641925781686	4.770514329342894
-7.033739282537219	2.419884955023975
0.998025508362778	0.939732320648626
8.230733578948017	-3.009127675980602
0.934802827490875	-3.634512957133423
1.614608957195749	9.091683733557959
1.284469448671317	-6.934623934574347
3.367188108162121	-3.977018091080001
-5.111249194673950	1.100958648005118
2.477934504242271	5.755038322030768
-7.564479356942710	-2.118404203158504
-8.593287322642905	-0.182037981447004
3.747727778118632	5.265523000255825
6.412848801519409	0.928471746999245
-4.533334809413647	-5.902345487315079
-9.159194147360072	-3.735812092544880
-5.996528672334273	5.869322879562490
-4.959336772721429	-3.210887245908450
6.441469430388246	-1.192168943429146
-0.642475894497005	1.703811172701736
3.380188010013993	8.384542759481432
-6.975236793335545	6.320337722757496
-7.466804056450165	-4.433009815303541
-2.153081946296493	2.194317687905476
0.289005268007594	8.789166576450958
5.444659998630423	-2.691434708650878
-7.093399758384771	0.085084536776461
6.371755792250188	2.692150687068966
-4.909350701692729	-1.105112005909710
-5.538556547501256	4.863834513596462
5.822439285963577	-1.390403683581750
-7.774832187162215	0.811749415670471
3.516666020466145	2.558309203364963
-6.652978017179390	4.107081161855643
-3.331820396354032	-4.646088371732496
0.271246303741508	-5.066038142185847
-5.867049780641412	2.908684418287008
-3.921009491073370	-7.785027389071406
9.343047495216423	-2.054438637637023
1.481735973835385	-7.161822481391812
4.956703384051655	-2.391422343187986
4.938419635042427	5.457729938705215
3.770970691023980	2.822253694467567
7.274356867146618	-4.109618126875566
-3.445713045159161	-1.881295052424569
-4.178597324934235	-0.673237793719291
-3.400051311842705	9.288941034927220
0.724555360949898	-7.185949789920824
-2.206960872003691	7.423512295759869
6.292640476228036	-5.836466598643018
3.821859710416296	-8.842957530969855
-6.295200111841580	6.692965398014739
5.927418147058285	6.012107917028628
-6.528546220715231	2.339223678747567
7.968360262593323	3.615471458540888
2.519358487204498	0.302813615078819
-5.378592552500779	-3.967148561697882
-6.169633964874694	-4.257836414251456
-1.894434709702028	-6.088758697016349
8.811033898438824	3.092925264720121
-6.107965972704331	-7.023636179131175
-9.736871027760134	0.251551018751381
-3.717461569761452	5.662050453469536
-1.849129889318669	8.052006794526077
1.452273966448722	-9.615018713906782
8.838881412522380	2.971289185823283
6.030558355749459	-6.478428635853725
-0.979761764496346	7.899992437882482
-1.170131422452856	3.476135546059659
-3.837969199793174	-6.554956184518026
5.349603183287871	-2.614233806318194
-3.265483702850520	-6.069463206716522
-8.739076117510821	0.027337621049354
-6.146883394307864	4.418583073544504
-0.905110149568388	3.381823118371843
-1.506203364367735	-7.237172760622321
9.627429206811403	-1.170229668175708
5.003875408879574	0.879235777906522
2.658624291074115	-6.452302461504773
3.450975767293995	-4.625203160846409
-9.087230533194075	-3.882639863891344
4.936281555279802	6.147487002207934
-1.708818466986650	6.330204291544232
1.171603615689355	5.248102820151313
3.560418740108327	-7.678898686158103
-8.749394679519348	0.849165397005352
0.038257130288650	-1.955737406492173
-5.518278322842035	7.064151470534603
-0.208462467149955	9.044819215850140
1.681428941981461	7.217300377956267
2.381683748789676	-6.602334710444772
1.383817384285929	8.766005958202639
6.713974271417037	-1.249369555005228
8.244319259939624	2.369624892700103
-6.084596982604833	3.995005977051304
7.224078206756272	-5.326613768095193
-8.260714747491077	-1.147520018707118
4.843170397932643	4.714106437827497
0.553325005812259	-4.471500369318377
5.716624668513301	-7.714997556074808
9.408884700651798	1.453900734242111
-7.443223081595369	-5.185211168603838
-3.883074431182060	-1.561249510210813
5.796939745938353	3.217864386688859
-5.746487241230353	-7.352941210245782
1.738343309899394	8.288261881051435
-7.398482422984948	-5.505648429463994
-6.769015176398223	-0.898965403092012
-0.059034577795939	-3.265796239880121
-0.318298130396645	4.636130118431303
-3.092582303073371	1.279676838251220
1.800207584954486	4.216436628773585
-1.477619074640589	-3.255688012270893
5.792511368681241	6.116387794725720
6.993711486750029	5.868001652516434
-4.242823453790770	8.544939085353246
-3.598294255999130	8.513886005281529
7.614406599727184	6.095832614848178
9.214584797116032	2.229759209637774
-3.127118958537582	1.547296705995408
4.264595774971207	1.362350218131684
3.366580961029060	3.901336534572484
4.809904397185140	2.097640726150134
8.560012239921219	-3.132209659886018
-3.447660012503432	-5.671514943838534
1.360543026168165	-6.549117743625592
1.210612189941402	8.521043763931136
-7.990934353829240	-3.861205786895569
5.383988216739563	5.905140775284194
4.746397193029576	7.054704586738692
-0.931489332033093	5.655069841390625
6.201893261252094	3.148160559917107
5.593611614493853	5.855403322830801
-1.349475645630377	9.738008611115291
-2.795623736996368	6.402614672885280
4.420282143279493	-6.377182311441726
-2.688830511320011	-5.471999931066696
-2.938154405468765	7.466981420721065
3.522031963154394	3.733215316453015
-7.364360711022202	-0.144126235195341
-7.965186688889288	-5.144956744597308
4.217577546540821	-2.701430764782971
6.019793002819980	-1.765498710173060
-1.864747489592203	1.140173315708359
1.192219566785190	-4.732832775292211
3.663747201076710	1.206380201784236
-7.882283905367330	-0.188789202754109
1.415119732095438	0.266020885720609
-6.728154814555083	3.039843746733311
5.208089419550881	-3.448487415203443
-1.308245208978210	3.930866056611793
1.019144104361243	1.045078600667202
2.075926758027709	6.353946076048337
-8.505854353174181	-3.642821406553457
-4.254353060484381	-8.127589283645449
7.570921638729533	4.874710667942100
-4.530623303713494	6.408633276593044
0.692247995328895	8.986408817138912
-3.319057967661499	-1.005244768278865
-3.702681805504030	-6.037675962751008
-2.191317719938716	9.076106949359152
-1.854860191073402	-8.582610502838792
4.870376374962937	-1.322349029019895
9.181871639219821	-1.144933243750024
3.524090850355248	5.907354477871395
5.053619678212874	-0.913160830949643
-8.198226794939272	-4.837355847741578
6.062310067473172	-4.369530594860024
8.873917708330126	2.461002086055602
-0.235813402478366	4.277504279583063
0.458977801898920	-8.183158305705099
3.813420684138251	-5.837329466691703
4.746522966484821	-8.210954394820966
-9.357119054532438	2.263253602787631
-7.840120039306826	-4.456581510331350
4.420843282141006	0.653014070277655
3.345379619156606	8.617657031554861
-3.671593745298336	-6.473018148565006
6.558263034535790	-6.499009098270093
-3.895418490020058	1.070854791706830
-0.796028583981322	6.278377393045379
-2.282421437753213	8.297682351636738
-5.679420219365683	7.408670234675643
8.552711359581778	-0.147948561367004
2.741272347024729	9.054528706507206
6.860534681095921	2.634493190997275
-2.781608220443990	2.032009637042956
-6.018838048152960	-6.205212965823751
0.457775897150363	3.946965916423105
-7.582459254790748	4.667063494939474
6.208455587946599	6.946757347139124
-4.317611590346048	-5.397838887396434
-0.461516871576490	1.194585410732184
-0.100960717185908	-0.864883737480068
9.520125694121903	1.622952182722505
-5.947070502214340	-4.012090307495092
3.853569072679229	4.088875441806797
0.158589369139478	4.953781308432750
-3.137154406645593	7.206956584722575
-2.030564749581278	2.929057209474445
7.165780353157333	-5.807079365733390
8.442652902982495	2.826042357354078
-5.843420296392382	1.583095886748844
1.196264432055971	1.770749040776575
0.607291734219427	-1.643832133751923
3.655220722841745	-2.785729273142861
-5.556042882227023	-4.982626574079880
8.434469420753283	-1.634829743912155
-5.730731520031518	0.427556901093766
-3.962089631443179	-6.324056372599306
-2.435683385011178	9.225574300103792
1.433707620160261	4.037388539964877
0.370207388712713	0.000385650351396
-3.807977558421466	-5.642987652097271
6.017929965932330	7.395052754324458
-1.719417925356805	5.200748457739027
3.455184602736480	-4.167047349611729
-0.533520286282924	6.502965955629111
-0.633942453669402	3.999760098987837
3.883386760065037	-4.312613183704144
0.052805024023706	-7.425420384760904
7.284835409422391	2.139782651765228
5.742731763979651	-6.321843374889685
2.649724254593032	9.608814280493988
-0.922842708292300	0.582786643336847
5.961290463129400	7.639227835216217
-3.069422713988724	9.314034821586306
-5.818542674418894	-6.493149374217354
1.159920265642191	1.602993411562716
-7.507430116321470	-2.346538771375299
6.811785109562357	2.415233570551578
8.052326458427601	-4.759986088286029
5.701548026305841	4.335238070544601
-1.164622494410355	8.333090481031322
4.448170087148641	-3.222697936128062
-3.722224295387222	1.830073134369730
-0.565252945706979	-2.737509888783343
8.099999043748877	-2.890518872566159
5.987907094181857	2.508036344472939
-6.742843042338912	-0.000286656614703
0.072993286329173	-4.205605547757785
7.192918803230348	-1.666225808285448
0.184814765843692	6.867793325066685
2.674097964726676	7.382905716863998
-7.097695707213922	-4.667447527475573
2.734158359299392	8.605697154672619
-5.994265125925049	-7.360696938892719
0.443546834478023	-8.923555043751533
3.037160735317495	-0.450511657104004
2.851195981416988	-8.810642745700521
7.134276434800218	6.400172460212660
9.242043939112063	1.993328765923090
-5.928857029968538	-3.988591335370127
-1.942551479968266	7.525878469192270
1.429183885432086	2.383017165423565
-3.234363814123011	1.350442994772885
2.135482599125828	6.286591483200954
-7.664238422798136	-1.948582447014726
-1.743425338029503	-7.205749345824861
-9.776216578936131	0.996181180467752
5.982684276697997	0.929450082171696
-3.177108194791519	-8.051030359526703
-4.823935881230331	6.758725035139391
8.738567866687452	2.942562143818401
1.863527986816915	-5.266538546902779
5.582499428941952	0.309040541556293
-1.204121047039667	3.194849420347070
-0.285181005049743	6.749854896454640
-3.069656690435418	-8.171107739829516
7.051853656326575	-1.737901550330622
4.313995247962048	5.288421628489734
-8.650466276626414	-1.359204532643048
0.691847125566087	-4.572627198177271
-1.861134627853460	9.399466033296280
-0.603581056887535	-8.560357228328742
-6.673416197755867	-7.226663958798195
8.201558138175255	-0.373289667076157
4.257990852360214	4.143147159311816
-3.254578013075394	4.604401551012690
0.849169295247770	1.520743287675962
-5.015707854914910	0.296944518411329
5.796796995293684	-6.628997652213750
-5.941232394196972	5.078695848669568
-6.575765949584509	-6.508287804801758
6.901830567318725	2.450233649507643
5.608693482730153	-2.709457331294864
-6.545150534875461	5.004744806263857
0.345957546582019	1.776472196496287
-0.162047234903202	9.709272576838734
-3.380336220000864	-4.258632164821343
0.645513071486044	7.235542361969449
-2.762453894409523	4.021336265405776
3.844033898968594	-3.507885676571926
-0.724226522663403	-8.098909059620560
7.155059424846643	5.294841502147405
9.407118674942884	1.196385254120679
-4.536483085923536	4.774659776515825
-5.200220690288297	-1.322312157717640
-4.624209337073498	8.629985719339659
1.234612156534264	-6.339773547712213
4.632469589025552	-4.361484272661176
-5.786864741003016	-3.996330294582070
-1.206870010186650	9.491606514045582
3.374212165617107	3.005251718278362
4.330642420826662	0.273540663857373
3.304266263891570	-5.656245162252098
-1.289031100841910	-3.003666325727430
6.213251282635126	-6.173138327262231
-3.603230715969015	-0.990166343729476
0.669430513480946	4.607987168067525
3.916941941613630	6.358497084262877
-5.190989210789223	-8.456805971928430
-4.398846044981998	-3.837790322185464
-1.657305851256969	5.816906795541598
-3.944504769729649	-6.029412773923073
-2.855128926198410	5.237069829123419
-5.463134846030507	4.100457507658565
1.402478793875594	8.316405807925818
8.314418942356221	-3.333131609235697
-8.086920183549310	-5.753601313046030
7.966255722508394	-4.003462437547873
2.060906558845777	-5.156051252011998
3.870585554334318	8.324941467804599
-6.202516958981394	-5.882236089664443
-7.603991207759954	4.369203794304660
0.471326364424283	-9.253673797831727
-0.864501703484087	-3.388073953812213
-2.676787404312843	7.691741174887774
9.290645722086298	-0.871967861993237
-4.168896991372547	-8.927601565500989
-7.857238744526589	6.046814821135697
-6.420408531082751	1.035769697101339
-0.188466113907027	-8.682978487665180
-4.983613130584469	6.410334310076533
-9.090460620589885	1.051099779646443
-8.912256455129773	-1.850602386189605
3.382995085215511	5.525293751341068
-0.994428956866215	-6.510419573581892
-2.364999855773976	2.156042692715514
-1.481672045268239	0.639700570866542
-0.955859938738928	2.514506383875304
-4.864091606109524	-1.678325080926018
8.332823440367914	4.986457172320614
-5.667577686551009	-0.439599786661145
5.725164163599041	-1.396021003949880
-0.257946846682924	8.594586808796436
7.164182530466032	6.264530064254055
-7.310599960714427	2.055223478232330
6.839286935851712	4.666391739871805
4.347718549121909	-7.676768380588464
-5.189695724658443	-7.525282528047105
-1.976803884520239	9.588750477108485
-5.788309875974641	6.896281182800589
1.335946038541423	7.398363378913238
7.700840487354506	-4.658722429137661
1.677528027637714	6.429290608238384
-4.629702368554461	-4.970193539868183
2.470349187386872	2.602796969745722
8.095059227155787	-5.818171076509152
6.299542990512126	1.238586642591359
-0.197867719153614	3.436473064065356
4.325755260091208	1.163378531904892
1.292383964487178	-1.070020228239471
5.269751853844917	-4.377373629711998
2.378065308805769	-1.161755966753167
6.780819316826554	-3.353952754021929
0.097228211271990	-1.095266597537568
6.234502151634514	7.077051115155463
-6.357491084845596	7.523087259243169
5.575452677564213	4.235829370232833
-6.943055957207121	2.422636730520688
-5.584419398192716	-4.813201870345113
-5.087682003387542	1.367301093243203
-1.878978097719681	-6.187108970712856
-5.086358417721456	-8.178601066345363
1.046474841591833	-2.803896757006312
-3.694508082725629	-5.887269568737408
-1.635760801914180	-3.062263485236961
5.783706211637999	-4.357967573933955
6.425045800816137	-0.944010457804859
-2.741646443387056	-1.548526937494841
6.649936252085000	-1.302389982839854
4.371504793623210	-0.535567188673960
-8.045647181066133	-5.078051437613370
5.363332830405567	-7.880132387005830
-7.129471853909750	1.060334957070019
7.211898755904929	-4.556436181741043
0.102196992943186	-3.563366889170753
-1.635285193788270	-4.310990975072946
1.104900666107465	-3.324615087886819
1.936700653740423	4.151834281391060
0.657798115493924	6.148388988085283
7.243245794394677	3.568788318505653
7.044939194566596	-6.439637593540422
-7.532052444398166	-4.157543199511514
0.930404716905761	7.332944266502879
1.428731314287462	-5.205016820879764
-1.978814989108388	-0.841221608230867
-5.439386254600436	7.556855212308609
-6.246761121287494	-7.268083579291075
-6.770468865522650	5.661851531982692
1.773656444983540	-5.961040760840797
-6.091476134661469	-4.672281626253372
1.801461187540422	7.531393600931251
2.655518806915102	-2.045350952234223
2.835941666240664	1.057150028180749
-5.700140178388681	0.168028696199549
-2.532811089836129	5.729983667361165
-6.928643056661803	-0.135306017535603
-1.607725076485489	3.497611981189371
-2.863357709940614	4.727542922851693
-3.516753865481842	-9.003590669269284
-7.271002214184430	-2.995838070242829
3.191824935851539	3.599930106949822
-6.614742914804724	-4.876602716240597
7.510322306580917	4.024854485930183
-4.632271671449899	2.136918211375080
-5.970133248754284	0.617249780822400
6.423354464601445	-4.834149026761592
6.895967924949144	4.440279933763492
-6.700467906055191	6.677027969374965
3.594796609180821	8.970988548170981
5.088452219671293	6.033414001795796
-5.307014934737706	-2.400718127651591
-7.301445014493534	-3.781733267158460
1.942834509980389	-3.073699703743566
-0.884375774425821	9.521216371454468
-2.756587290027357	0.374836962191592
-4.377318782871773	3.946450867414845
0.267761250940155	5.403615505335623
-3.968600328139547	-8.608941013791215
3.279070884283285	-4.701292154377882
3.229617556946845	-2.397370416815486
3.395269074864202	6.251659106445919
0.586847039405324	4.647916470146215
7.905314218831561	5.796394762119201
8.577767729380183	-3.885801563466029
2.889206132256883	3.539777680811810
-6.996607092519114	6.640626216497747
3.237326311172117	5.500979110776787
1.035674275258712	-2.034564429128240
-2.063976574075387	-5.696575627184346
-0.898905986495327	-1.436373769860634
0.848654664729745	-0.139986569957065
-2.090118316582823	2.933933626993368
4.994534459527491	-6.204899269222988
0.989678733378760	2.204932356309446
2.174715983962215	0.163004509818150
-7.557427978734194	-1.369987064959748
-5.580509951103831	-5.146466409847317
3.328208469395806	-0.564811984171376
4.976539682465668	5.876167199334833
-1.622854017659896	-6.424045229755788
7.747666253705034	-2.571530854555155
4.959907840027978	3.328066719281788
0.113989147722966	0.392208989952633
-7.566189170774645	-5.078286695327742
-3.976954448534125	-9.155201626697252
9.741289871347385	1.344985651500696
-3.337931478588808	2.368681805656405
-1.130209043481072	0.336841176710346
-6.098110367758814	4.109858982074639
-2.994669753331558	3.589246826883242
2.161980923449032	5.174706912058308
-6.427247168233469	3.801867241173957
-8.483158169732334	-3.069774345007477
-3.321553660134606	-7.494210622607924
0.246189464012523	-5.082575378913197
-9.106432966395817	0.449893624428391
-4.251208675725809	7.161186026756270
2.491186950658662	1.664889637703068
-1.537216661509650	1.026253019581183
-5.335267957805572	-6.655605488869884
9.595437409589218	-2.109601800437149
3.102425558437652	-1.631293536492058
-7.265822866925271	-6.141186406909863
-4.463533090204467	-5.682882443299434
9.753089631606803	1.347735299932206
-1.163588861655688	2.581158873047610
6.217832541661880	-3.674805263541301
-1.457324297117992	1.225052097496374
5.798378440687441	-7.603024842551430
2.674726530278514	6.291876032432673
4.294407940078144	2.995194967926324
8.357816387447137	-0.541026287229298
-5.322493701024166	-1.345337068838982
4.413355458276399	1.572567505075579
5.067112344590529	-5.818941314234139
8.045662010252920	-4.658511105513869
0.041932460934424	5.206728862431070
3.316137715265595	-1.416700640712360
-2.232514617178019	0.612000313460792
3.950721379902789	4.986047860490084
5.115458661431605	-6.455360862919105
-1.840138107338489	-6.947922372793600
9.207705763415007	-3.310389189755269
8.200307983255620	3.749558578941556
-3.989996769131858	-3.613743837082238
-0.646769384611041	9.221796003048622
-5.874586076077603	-0.917387734036340
2.607633352703317	-0.203950157698576
-6.848155972586344	-7.197313897978569
2.169214741391876	6.273401103784593
2.857367481413761	6.295996319736108
0.503606959702622	-1.039304401937338
-3.241333933564321	-8.101341334704312
-2.136642780040722	-8.688545886267509
5.761364222361872	-0.855103467137738
-6.508333047036492	2.128333954860284
-0.230627085509745	-9.069270656200221
-0.475841949892133	2.377018702742271
-2.046634056767545	-4.916965800137945
-2.162165218842759	8.719536106686817
6.033097068468290	-5.322583266777675
-0.450826574820875	-0.800987455972900
4.594737920129222	4.289446657841211
-4.265424854144764	7.561586037563519
-9.343267172169142	2.716101693378139
-3.897693205130906	0.025412832966668
-9.122040879188388	0.935474024275249
-1.171202268019383	-9.330702450860262
-2.846617629901207	7.162253012768117
8.869646845628798	0.266088691678422
1.949823070928969	8.990491259657860
9.133962140228780	-2.432778380424823
2.106242396910198	1.223383216660631
-0.534941025128317	-7.662579612133118
-3.214301697481979	-0.353657026035711
-2.419278493935132	-1.591860881429991
7.653219100065233	-3.972771231482664
1.747136619922400	-2.404066429484642
4.464342783646078	-3.953538100423955
8.112182268055999	4.966539232052782
6.191068364426891	6.236083733417559
-2.383181415148443	8.084518852041326
-1.884716937759093	9.078540871186835
0.075486421813736	-3.807876963172418
-5.675948707003544	-3.656655142395025
-6.002825235596526	-2.742491826276612
-2.364083279836164	8.576752926607465
3.451407397020188	5.773973657981728
-0.983877422706223	3.551268127461964
-8.256907548986510	-4.268967969504544
-2.991396847576219	-8.204714944218695
-7.417722530960256	1.897587481062741
4.729647389837520	1.139632533735705
0.645799268133904	6.748501527004118
6.146450054450206	1.702991541247325
-1.558578344296765	-4.366522778386773
8.411913097145549	2.869394512873158
-9.440870072017601	1.610300499170696
3.477318090559207	-6.235256426838984
-3.183679884937813	5.880092089558955
-2.224398017864325	6.935691596095621
-1.395878332962724	-3.493275010640158
-2.656102962572645	9.602427718546169
-1.567624236607336	-4.233291315467278
4.897101587067159	-3.886830457234895
-3.244945667706732	5.295212063771675
0.946698656716072	-3.749860145634974
8.257639822094315	-1.802566155717145
-4.066935768042670	-2.567439884419580
0.697933996880352	5.976677611216823
-7.632702265679790	-1.201642111578759
7.068642061195050	-2.645439427600749
-2.907652699627621	7.479956029480943
-5.022661066483785	-2.709319871444752
-6.385927037509767	-6.495095236263256
-0.975041153968722	5.534411530611817
-5.830945233266495	4.413860515094268
-2.209619866703084	5.424536830937050
-9.870935080444676	-0.070899097735305
-3.352761422397895	4.036414791875382
-6.242468187677597	-0.030451008902021
2.458700349342388	-7.963910986339882
-7.743395038606939	3.895812559918742
1.920903926200073	-4.443110685237292
-0.612646966006879	-9.569934597589958
0.914302246059121	4.894720355056951
4.520759176540213	0.539364037208804
1.848894131255435	7.731516671114404
1.019704069851111	7.896104691765260
0.678087139219337	1.898102117552955
0.001796424542214	-4.684820445969041
6.458761666652618	-1.411903880978828
2.505662026189682	2.335277652342803
-6.540482624641893	-1.548280177182761
-3.500397017662199	-5.247581325242477
7.100051205799550	5.946493131382518
6.051968476020896	-5.248731797868305
-2.878000860307272	1.242621496356642
-0.829657534653951	-6.812927156324728
2.669510173112859	7.207142607320041
-7.863010223226048	2.684404982814982
-8.713258377187879	-2.075705240735068
1.624369393499623	7.143264992858665
-6.311435966587389	-4.013674181054780
-5.789079108261620	-7.718429706891733
1.066674558076718	3.195282928094263
3.425773142670012	-1.838266045901441
7.314091433107635	-6.763688582757843
-4.774575338192513	2.813880256221023
-3.352135017593071	-8.734541739397207
-0.898115558610382	1.793776171163368
9.302381523430094	-3.275090527181457
5.564048553285607	-2.727147783254083
2.836440337540745	-6.925513818729812
-1.273501669947809	-3.904322221789860
-7.703475198353716	1.141455675966228
-9.548883884672696	2.497955689422628
4.057331878575236	-2.251611250314098
4.879268892662822	-8.369589884758527
4.745666758093966	-5.578473126711637
-3.078720106887698	-5.254257880103139
8.028698614598156	2.757672103075324
6.611134391997788	1.853776879154862
1.319758907867542	-6.707670151150416
-5.293019804807047	5.600238392109284
4.600067554115778	0.098862759737345
0.692259332401573	5.793811541662882
0.274557824008278	6.232357553318042
2.602495651809833	5.608472724357853
-3.367855687107147	-6.101767874331944
-1.886616124763928	-4.799561914972815
-4.140781435186417	5.144704410280884
8.575128416265761	1.575126702341991
5.143006317355950	-3.941907274720872
-4.180028264795205	1.907407373256613
1.816962499088453	2.413651845328414
-8.053987212667931	3.510531482731814
5.117010407482289	-4.147019786385806
-5.594814751626366	1.164399234141021
2.825012070749493	4.252488087333586
5.554900633489141	0.417766400264259
-0.565863039161866	4.506431862057782
6.068700748343464	2.037009644957269
-1.180460754301947	2.260252398449339
4.909736777542653	-8.273820217210707
-7.884559824779683	3.746678747993871
-0.983074388368813	9.853304312445808
-4.160377418615790	-6.921036362849142
3.943888752912132	4.870154532592285
5.978453542411414	0.792265365788721
5.968274785011614	1.053888723614838
0.130918440603325	-3.860556199024327
-6.583199431193927	1.567550523094195
-8.280121657328348	4.020200977884359
2.877585319391754	4.417450235800290
3.828300918150778	4.742313857327914
2.616129553391008	6.342416976259500
-2.116019044416694	-9.028351614396717
-4.311221319862452	-6.997704403292563
2.533838639988178	3.052790878090432
-7.040917942563966	1.574991821398804
-7.204979698653887	5.067043428657953
-4.817445729749243	-8.635376477334850
-7.594564320967738	-2.114914577834602
7.076467693104169	-3.674714027664566
-2.936532066644089	-9.007913287169789
-6.315450578760780	1.378310489571633
-1.485760326427087	-4.403815593749663
-1.244164050458325	-4.980556345605940
-5.073809124975309	-0.480107662669696
1.944221981736905	2.487599557797306
-2.985620750068324	5.896224053753575
5.263423518305220	3.327035564960672
-0.436654977683745	-4.001528322591582
-6.366371401563231	-2.729679950974829
-0.967918783384485	2.355607765991162
-2.487634580091739	2.111318666709856
3.554243934145140	-0.699142242763193
1.974940414081787	9.767182233452727
-1.753573864268897	8.280295061215691
5.519428587781002	-3.752504010113191
4.849113691227592	-5.175645248885672
-0.940050917607253	-3.252047977916413
1.846786512715393	3.807596798867853
-1.245669912755395	4.055831262290465
3.813463405196796	-5.224777843393948
2.372236396679139	3.292564084355526
8.307148058562657	-5.436269286432491
0.577983657539804	-6.123785105891220
-6.633933324910722	1.774185887714236
1.072121471993396	0.217423410294944
-5.523772710697894	0.314828607612719
0.260439475885860	1.715297903127333
3.920248408041479	-4.583569426063926
-4.941740362873984	-6.848024140827650
8.092515875039474	1.931276429702363
2.823652720551313	2.449680372862712
3.090960996785950	9.180532234991347
3.015109858570871	8.205899991976159
-2.129223038659171	-8.305392140794986
-2.996564660629089	-6.954471312263247
-5.839556299703430	3.940491495666196
-0.662138526394935	-2.426152345771327
-3.488627666231515	0.125957394167944
-2.062171816123878	-7.752423243126429
-9.619412504167839	-2.003459881369582
6.514831337520509	-5.727789768357394
-1.045596877449670	-8.108828044665840
2.394539601878038	-5.822107909311991
5.859228386028647	-7.391574746405229
-8.175855282299130	0.127390577480108
-1.257767393717173	3.572038165183886
9.502904355786503	1.145365766348264
3.576324915508237	-8.762262841308402
-8.177120170162285	4.355733620618259
-2.636864584481553	-4.764863796454595
4.743462726057218	-0.540983918096730
-8.807008146893029	4.412231560764768
-3.190172024936087	3.024265383695116
-2.016471395668272	-3.817313137491829
-0.363462722256957	-1.935884209756568
6.878475792299226	-2.533615956754282
6.090449337551519	-4.180617640443892
-2.750199296408132	8.921132612311196
-3.463977394551796	-2.275909765256352
2.722595870435143	0.264456435516257
-1.665110425407456	-1.602438207857556
4.618023414467580	7.326754854817323
-3.849776682518852	-0.840731530681921
3.058581037909935	5.516023270837343
-3.549795488154973	-9.109314180254792
1.417507101275543	8.840141868416005
3.110803302282085	-5.911644878360425
-2.228697294385020	-5.157030963899649
-3.817359362255615	5.655972636663101
3.478868632176130	4.751452930059174
3.421033286638145	2.059682850399196
3.607047515837317	-0.103607465422190
6.697616919515114	7.274748963614744
-9.060240007629121	0.154312218695948
-7.706300071475398	5.245016765735270
-5.252209009809427	-6.561846737796156
6.256450544458554	-6.937953126564203
-6.383138644272640	-7.510024824858106
-4.942409717433633	4.336860135482582
-5.612025570002492	0.223636004135400
4.891022060222471	3.933201032945234
-3.749089885709224	4.809477630529332
4.198229898143815	4.815209387996380
-6.641794442015810	-2.793989926892398
0.451842914204319	-3.095832846486070
-2.837468017109697	5.654149712635070
-5.656058565457502	0.337878036091876
-6.254499900370404	-4.499877153058446
4.598911128497385	5.161653127181515
1.395556049060825	8.843400981489371
-1.699503129274432	6.033684743910802
4.260683176227801	4.086070644749266
-2.154435060232482	-1.452378576109522
7.219680841103835	1.223991977965779
-1.438007912965509	9.627750614015305
7.252639143132198	-3.109461158961372
2.166256421170953	7.538651538502012
3.043659485127125	8.142862249933408
-2.001944471811913	0.990698171258615
8.997427807801785	-2.676483421556388
0.110696768183039	-9.212756055270750
7.299909133553436	2.400373988108654
-4.655086755055279	0.488751832505536
-6.855140180682018	-6.329764786028380
-6.786626708215016	4.474904846540954
-1.933655036751956	8.473845618969076
-0.981300656812102	-4.748941697150231
-2.089826945812409	6.892921787111950
6.198279276700896	-2.397373292988632
-3.676681865695502	5.483691816069793
-5.164810816036168	-2.676450163077717
-0.383439511643761	6.298463378381641
-5.280458319229830	3.391074812276864
-0.634183180805960	-7.094348281963968
7.126213403547061	0.036517549753859
3.298125915043931	-8.751931522070846
6.550903797108021	-3.212717024568154
3.709722111950406	7.986706322367612
-5.130653790520429	-2.882942722122940
-5.043454304910265	0.829921092339673
-0.620717990948921	5.143129702796711
6.707844847987819	7.074769736053674
2.175638119632461	-0.878814639633169
0.303592640166033	0.230104628747382
-5.559027459948995	2.572956025963803
0.740104947675522	1.202566209875400
-0.755292740517604	2.438861571107275
4.100693677344375	5.381126166830636
-7.826902670492910	-4.727628732944209
-0.555272861361862	-6.230962392341758
-1.429070549779858	-4.080900611899268
-3.361289505320495	3.531701358038752
2.575582956555876	3.224647650865793
5.541260721858599	8.209163466245124
3.903243400097653	5.260757165108312
-8.427088377815194	-2.702230351157461
0.277303675005780	0.702944776390596
4.978240381851747	-0.025890307670663
-1.926969357448990	8.178008192647399
-5.799185194782486	2.694046400062629
6.421003158583194	5.649203781898581
-0.809853166568411	5.074093624127614
-9.275765358581488	-1.318169776542473
-3.319586704858034	3.624098843272582
9.170492432747553	3.173031536153128
-4.005794842415231	8.085977025828740
1.238940032245989	4.328233871865295
-1.150362726442653	-5.119228674548389
-0.572998616026001	-4.809787773749004
-0.117938701091009	-7.708114909334705
-3.088077382716795	-2.377682708342094
-3.766221732089827	-3.481575497763686
3.913836265249367	-1.592788046757085
-1.743536749059662	2.028692470879564
-5.045620956555540	5.039200576456157
-0.547015473198463	-1.806651535925514
-1.538141931165036	9.164958833589171
8.350403795816261	4.163307265135341
1.069882443708274	4.971230074492918
-2.256908959957345	7.940396669295456
5.746333762112597	-6.250853783924104
2.757670378596195	5.512696766426241
-4.499079508271885	-4.190932654710037
-9.062478237105838	0.759482636226964
-3.617944536042625	6.455075755731401
-8.949290594256347	-0.332318912370051
-2.395017501112514	7.737130483863978
6.597330721699686	1.235738627210325
4.022497868324369	-5.730797185021605
2.070058299198561	-7.382536882645499
5.803710565157601	2.888820986283916
-7.909298918813268	-3.236809119245979
6.260370416019408	-1.371252707109549
1.827362463846756	1.915010386353418
8.830373515326400	-1.231149998909570
-0.731543505902912	-8.140030520131669
-2.069186378823922	-4.900785064642957
5.817420376420895	-7.864776200381998
0.600796813586721	2.579874645834963
1.952361897576028	-1.838770951338780
6.095599603062904	-6.409602504867278
8.503092550943672	3.239344501996402
3.957471443461688	-2.843228501565280
-8.572188199023769	4.027810360033399
1.384747511516341	-9.443278736000693
-0.001871021251281	7.384566661896095
5.792279441997876	-2.637751169707714
-1.763375918497458	2.037251327500185
-2.214817291654756	6.857231001950104
8.128935681497802	-4.942451269906003
1.275119991644503	-0.144883705644732
4.992333259846578	4.500135031887086
0.200323330055550	-1.643107361189194
2.646811369992758	7.696801863136654
-8.371028137094699	0.038228277569350
4.948304286057912	-0.456901200809155
-0.309576438292568	-9.772602793472265
3.782258878370834	-2.236498689961224
-3.636570905996142	2.195408621400504
8.134116511780507	-5.166613353214752
4.185715166966056	3.174929925006226
-3.872296495080031	8.658566257640489
1.949127840253193	0.868634843793381
1.247982461641869	-3.539807809222338
4.042624735606715	-3.619822467861599
8.972121704102085	-0.562059881970020
6.138592765363953	-4.934809945771732
7.338737316435502	1.524892471167648
8.389011381602581	-3.603060504993879
-6.949101712860149	-4.922833189791430
0.348670041410870	-0.007850231266206
-4.395566378298785	-5.331263013948034
5.957914869505305	5.035154436313487
-9.000251329012242	-2.305291523186785
-6.429488075128712	-2.516489082604336
0.342619767684172	-2.502114761398032
2.039954596691373	3.866215976789340
2.044642568860030	-3.472297379612054
-4.166995454147775	0.890582106822285
-1.159426384497539	1.352742216968940
0.832601324786842	1.679558899802817
0.078176464482700	4.442294650941835
-8.300216227239790	-4.514730601918953
-3.500667424919257	6.919554732716161
2.146317194490243	8.473355300576580
-6.276618177898629	6.232328639076755
7.320631240938092	0.798010646777254
-9.384574092030142	-1.569727800416562
-4.888483582401555	3.280345494015855
6.149424343525451	1.112681783869711
-2.783873638424367	-5.583515773752504
-1.328991830031609	2.735564596508116
-6.002361586306785	1.135300549141134
-1.634216451819220	7.402189004499265
3.877304257195591	7.223458367800182
-4.945987517141557	-4.768237210419737
-5.788009675654206	-7.020600162508767
-4.676596289686445	-1.738146933614839
-0.066169609865096	9.383729520014439
9.204657244319662	3.657293269687175
5.645116783794821	3.657795896692247
6.339239997060355	-6.317493676657234
-1.803253817648284	1.073427817945212
-0.008181265793481	3.922106266102559
-6.574495419773768	-5.845120553323857
2.812735759748127	0.432890480588794
-2.237744451861923	-6.543663096296083
-3.264756355807174	-2.404857109012594
-3.672854547610581	0.592833939942257
2.367530147898129	-7.262463903859584
-5.181509860065782	-5.578234980113155
4.571783744450405	0.798475458786230
4.079032615068333	-8.396739211477465
4.467286714591510	-2.301618623144391
5.659725478831269	-7.887577450096558
-6.440015973874607	7.182723947375805
2.773700707402998	-5.053089902341735
-8.238622317344152	-0.740087385834946
-5.481651763927323	5.461218473972909
5.005259877814216	3.694032764032753
-5.215971296727799	-5.031780528403671
1.017522567544144	-1.412947759472825
-4.186688310873520	-5.207107778516580
-1.837098187244427	-1.070071868561204
8.877535712200796	1.835776942860749
4.545969503114058	-5.485704538289733
-2.469990649149079	-5.795437855457251
5.708793972171840	7.213341043437116
-6.055479698459881	7.272631456947837
-1.631374738972019	-1.976080985190426
5.604009296805820	5.716188680412710
1.083103585490243	-1.917180218947446
5.791764111424378	-1.706955055455645
-0.523732083199760	-9.431378893260593
-4.824048433492196	-3.215110026268676
1.268480377392131	8.888991738554667
5.567561513960724	-2.138805300848346
-6.130292250204625	-0.577212090946353
1.577696015830913	2.495356500186399
-2.955488789560400	-4.420630896901065
4.883162869937944	1.039795954073302
3.370078668870459	-4.734885108385535
-5.021616201058239	8.419764884277797
-2.045558273996596	-8.196164333857523
-3.535023818513926	-3.949822642772938
-7.675271951501125	-4.987878830386199
0.793989014765477	8.997290475586686
-0.058319910853081	9.882733710067450
5.152353229947535	8.460487166510811
-3.592034298220540	4.986499254743084
7.393173700869963	1.087493622255693
4.881202829079588	-1.607223432473279
-1.017075441164758	-2.379643345996160
5.801962966875108	4.814293544706064
-0.123511190544296	6.758126091258659
2.109116487875046	0.299335281315838
0.711146523443429	-7.975159787325646
-3.920048070247193	-5.906895763290025
-4.441448878409195	-5.592778534526563
-0.381869034221027	1.300192806777847
-8.220208484658551	1.288768677583776
5.943613659281808	3.485883392823728
-4.587412322998909	-4.144196373567916
6.722223246064381	-3.340093587158158
5.315947434362568	1.905656456202869
7.020110806702978	5.931733810990085
4.195099486111496	-1.144231416731589
-1.355693349716598	5.761224973094915
-0.295932220375842	-6.000791274879447
-5.914997121137287	-7.095415373319297
1.849246515523374	1.925876981945745
5.587792003998122	1.553229626692085
-1.175145376429312	9.874933176394967
-3.631641743515904	-8.532999258317629
-7.894260445947703	-1.001554625303665
2.313199241127477	6.981758357671435
7.509172447113998	0.608567686573079
0.920110757712318	-6.188548518797036
0.866735460373522	-2.521239724005580
6.013182995496229	-6.439858190285959
0.949299909583559	9.872557154407572
-2.672561402342883	0.667703615344070
5.391904588024718	7.108812630209226
-8.282940894823849	1.645613421290080
0.831483897662777	-3.257433586066016
9.427426968535023	2.795419251510799
-9.202088412242960	-0.918285820114943
-6.307661151800276	-1.936890173643495
0.611407365904651	5.468303125108348
-4.446973822997637	6.033035715686693
-6.837153540916736	0.750646532575153
1.290265576670868	-5.186218325821209
-5.010673879104679	4.057034729357091
2.838891006356485	5.966571088040107
-0.034768008518874	-6.983843975996035
-8.293217584989485	-4.240675763646924
0.177514369552069	2.220618850259228
-1.406423256278500	3.021690144671267
-7.013113233626031	2.737148021131120
-9.271912804583032	1.458199819381929
4.701502411864760	5.542812311127300
1.630594232776879	-2.528804747785189
0.202611273215002	-7.892997872759569
-2.269963495735087	-7.693843345431643
-1.112489158595375	-0.571972565976174
-5.915713281441900	4.333642437998879
-4.682114603991529	-8.478260831611973
5.364747940040952	-2.713402600553644
-5.320614774053057	-8.170926427648887
-0.908504179439196	-8.348478269639388
6.190886035479110	5.859238875321548
3.476154526159632	0.466121549372842
-5.002373285604052	8.261791248707928
1.157879146340428	-2.628932883279969
2.909403968799295	3.255526072139972
8.192335644005393	-1.801800320597600
8.710107693253123	-1.226409313184167
-2.529352820663514	-8.572704282548347
5.734182581345147	0.530993172677810
2.740425631233195	-0.039377833963658
-5.706364906873183	-5.849189360458030
1.807549310362559	-9.758474288613481
1.505167320794887	-0.564316873891521
-3.217259773380814	0.922933055078513
9.034688943008252	0.990752287338067
0.518777796619727	8.286170221258017
3.195888167000347	-3.930455731969716
3.309026737704412	2.643693850807044
3.773398279332044	-8.415718548584380
5.267033412998816	-3.130359214892066
-1.511752569056568	-8.891029279980614
-8.565873872197809	-1.647259659212102
-1.385675237632569	1.898815432748012
2.190764307357226	-3.052023375998445
3.717864629486949	5.550294235628789
1.603665366560834	-6.653765935193949
0.858619966405949	-5.427620611253597
-2.664459545022205	4.295006585505331
-8.066123186895716	-4.686002209072941
-3.680792140612015	-6.346699474132474
4.115479487936294	-3.273927636978659
-1.373730909676187	8.944723700794537
-4.213476461994607	-4.165949423230838
-8.601539030498081	-1.944770972593387
6.013155273161160	7.693506115323739
7.698828054861500	5.314485779278802
2.951685378380628	-5.032785580529687
2.170602363892901	-0.290819749836896
-4.891669993696937	-4.319403203224973
-8.453358812348052	1.622430117825492
6.381603471400331	0.124697295329006
-1.515732212047570	-6.319592287445549
0.995611712703814	-9.319283105273625
0.154987308595163	1.660991222870330
-8.342138212906118	-2.507550531048549
9.085402557670959	3.527672149329526
-4.210506710155295	-1.482339936856348
4.986224026202220	-6.859117106755019
5.318647008266295	-5.347431267955772
-2.083932720875067	7.565103408459146
-2.109793297484817	8.392468547666232
-7.540342861526464	-2.574568574032200
-6.262345666119058	-6.459976318201436
8.757230340490013	-3.394940838370816
-6.138645427899597	7.479386718172689
-3.743431373238926	-8.398870699863874
1.538501790243183	-7.385535903099356
-5.348831856446157	-3.868634381424302
6.388103934844187	7.275105303521097
3.283011361445451	0.319108455426654
-9.593687186974776	2.005163532680521
3.275301339478970	-0.382315253337852
-2.022063678033739	5.642413161020487
0.259574779108789	8.240288287667445
-3.502986823643516	-8.103475028235495
-3.363381296478306	-9.236068688238078
9.901176071590941	-0.625761063128538
-0.227411304983536	2.389561096803725
-2.048817498155476	7.722135209536100
7.242661929150135	-1.005250470328808
3.273934511237876	5.266906187832779
2.643031840999083	-9.188865530921403
-0.423937501224716	-2.143834608349958
-3.575625437139079	-3.230824335686006
2.396232697979666	7.896726533050723
-1.250286034036133	-0.334798552709058
6.705269763769485	-4.944908276187990
0.826844084150659	-9.708243386314045
-0.948985485307680	6.966660328808968
9.108886518530410	1.409708978128356
-3.373515710830040	1.404575428978303
-7.636594549377272	3.773972141559233
-4.885679229530241	2.729571574620337
-7.372527433234477	-0.249649641222293
2.062776331310185	5.314427060009156
7.031934086753307	-4.493361336872550
-7.563639208969174	3.114402432371029
7.033721851887109	4.088736664580145
6.285393680455416	4.705184232865609
-7.246818511966413	-4.269424598762957
-9.279995391489265	-2.538539130762683
-1.230543730117088	-8.760134908040810
2.373860531335894	2.379698744421689
1.323206192689676	6.244209821981587
-1.794291269282801	-7.319442500823741
-4.755927351586768	-3.682363622746418
5.819869746894107	3.337262774094258
3.825927522327842	2.885857323061914
-8.256531000350053	4.173717595663144
1.840737923759574	-2.401583714773369
1.779383451694503	0.547294393105793
0.803738029013295	2.053098726456953
-8.491428982373797	-1.539629447870923
5.416889727165469	3.482588242596627
3.536616177381580	-2.892722683300737
-6.813025661224785	-0.308049420338701
4.735453731728849	4.841305250693530
-4.784547445563801	3.594950503351741
-3.703962907015816	-3.028510297695419
6.620713714460720	-5.908137740018866
8.407744400248928	1.240293801199030
5.642873594885162	-0.098919049659602
4.067951056307440	-8.640630218348379
6.302515134742289	-2.407145548070420
0.170118890989971	-7.896959606741821
0.498540224392626	4.065734357759786
-2.446547734507329	9.644263238700066
2.986379280334973	5.263938658427207
5.504160229573812	8.016140676894469
0.505174803411638	2.150569181684121
-1.406587362787926	-1.725976198627599
2.771580514599241	-4.837613942688682
-5.025855827159035	1.030359050249329
0.885718022476676	9.298243374350099
2.429631022432299	7.646211749272842
-0.018942664069396	3.463663503920781
0.158417125192433	6.854993807136463
-9.753936405030625	1.542968648478350
-0.277680738257130	-1.379576308495919
-5.918925730654130	-1.271591251488729
2.595927204954010	3.543772100793331
1.815359896957249	-3.296812819660262
-5.069327049512204	7.636094079195118
-4.043138546029199	8.943266908854174
5.411720667506492	-0.824693207785968
2.258966561393553	-6.676970528241645
-2.739021628534776	6.899820177604573
7.784508297489889	4.409701769348241
-1.621076449831143	-7.748443922776486
-3.076498150955754	2.448420427741691
-8.559757480497160	1.578522674353019
9.839538917125150	1.767639603810858
-7.427266863508616	0.401161934511851
6.459130788822458	-7.435975590172919
1.195125735318898	-1.944828020510427
4.400605801386386	-8.932582334350229
-1.421735790494408	-7.510143996588456
-6.899442828202266	0.680072912932637
-8.994693016010743	-1.170885498712112
2.117792484742508	-7.332922462973320
0.087733859042956	9.155561377352118
4.693249540686727	5.495636022230787
7.759578907589487	-0.629815759907455
5.942607505335009	-5.537201847885443
8.114888465754294	4.625289146688764
-0.308237089348978	3.227874601338319
-6.786539109560725	-4.193422647325055
-4.167422296883729	-5.404409695908230
3.201223647639958	-7.359134553774195
4.617831264458275	5.122286343384077
-5.048775126994331	-5.024993468863498
4.928839413699048	-3.318332777625103
-0.567956044614407	-3.370417688365164
2.642155676397537	-2.969696558104011
9.385250449784534	-2.819675415107816
4.080350840064822	-0.714002131724824
-1.146116729132658	4.341778493898185
3.982848004873206	4.940827023361458
2.889612260742415	8.274974896599092
-4.365960786612328	2.108422497995833
-6.049382792573808	3.810835177826847
2.616876647984307	-2.131679023808667
8.594739788631983	-4.889089524116067
-4.752866319065704	-1.677437650300514
-5.891719251220874	6.636965681678516
3.651222609434597	0.276029289757903
-3.632995569825800	3.908986218085117
-5.659603392428545	6.750053935514147
6.829960286315518	-3.519970267955575
-5.110590212605591	8.491338996046728
-5.205738935899694	-3.682627018345027
-8.415184375133457	2.486675091025398
7.858813789086870	1.589449550983352
1.412346844778432	4.764119524486654
-5.695966259853519	2.302485478433840
-4.024292703452062	3.941574616776293
3.174116365772812	-8.657911186331988
0.323623493264629	-9.565656293014564
-1.681004668410492	1.900778177757171
-4.499992405398785	-3.605511758548189
-2.590459710469616	-9.212595949020566
-4.926780555047285	5.063809987877271
-0.133034402820398	-4.717972479208193
3.873500939224100	0.538506765869398
-4.070838193177525	2.219545343758154
1.638689172027025	-3.904432886350337
-5.558503938563355	-2.889328215913189
-2.270484208809227	2.352682808795717
-7.985235431240802	4.620053120668064
7.014577019230492	0.093708192481382
-7.938264246946808	2.282117651533567
1.255141100390682	-9.405409841324349
5.150669900579113	0.565186228883882
3.867734724259989	-5.848638064257134
-0.469954171437272	0.530061437900460
5.744287585552319	2.181113221505291
-1.162748637858804	8.261105069035523
3.763373629119116	2.619159352938186
-7.491486144416365	-4.771861745916786
1.328517728462423	-2.521427152242368
9.598413908938893	2.439926253225520
-0.654096517802270	8.839306061935028
2.234600931119828	-5.335410764143005
6.507845186073571	4.373934988611542
-7.884538435138029	-3.415054065316721
2.278037488078832	-0.044262045865533
-4.461566142937738	5.471296614786161
1.519556914524745	2.072912211138690
3.642352293285737	4.183369765158833
-5.759272837946977	-1.938992657593064
2.150945599804330	-8.465586736482066
4.009174665795331	-3.198822027601174
3.257465714956223	-1.031107092769022
-3.062841282691951	-8.264168727750494
9.224310953498062	-1.552697792725174
5.615505140457480	2.783605478610133
-7.449571889237077	2.818034862974593
4.227395006073914	-8.357174490556179
5.056208351799087	7.015216955597834
5.370703795305479	8.250232247121504
1.354775505745719	5.925785078157033
-5.801332869312640	0.750009145916914
4.058028482856095	3.217410823505934
5.358502923456565	-6.219423978736202
-6.878805004059694	2.048041935218976
5.754056668238318	4.896158430816371
6.054286382781886	1.491180375164432
-1.891231586992133	4.662328591127072
-2.787235717492741	2.422257624057466
4.637618223931425	8.405460187616313
-7.334566140515608	-6.496852910335998
5.625945599466270	2.049118600077556
-3.839536396543282	-8.043310955126284
-3.279175108114409	8.330832815055427
2.371481440720489	9.079795478132249
-3.240045990109728	-2.412891511247338
6.662711920220253	3.958568293358937
5.909345122593669	-7.993064906028713
5.348356442196183	4.400772197687560
6.651981315152868	-2.251445254619406
-7.098421078663499	4.563509563722390
-0.430409114281657	6.836706389566015
-2.319204488216000	-7.881099496934130
1.407249290613673	-1.057863215758010
-3.352236143202776	-6.447997245905753
-7.903480960676270	3.572815145961332
-2.469041207542918	-2.204582207714301
-8.403698622211692	1.590399658404496
0.944298874999036	2.072718916071175
2.082544486839611	-5.530267857686036
7.303830717069346	-5.389301794493508
4.653653609738343	-5.589948081124237
0.231225626271687	5.457213286840706
6.384716635514241	1.827514547894509
2.193193205599834	-8.865148299689318
-6.240398544837968	-2.346299470273309
8.380309094841344	2.158962836912542
-0.325598947543048	-9.010523145770000
-2.273387890009795	-7.548104955514304
-4.259846446140164	-5.259320863835782
0.610546701357156	-7.133747941229066
7.555973665541908	5.554175225736990
3.549364227761365	-9.096032035723505
7.117682147214154	6.703603000988624
-2.811451533924112	9.252439391869247
7.024964147986829	5.941384269153127
-8.702600063802139	-1.998150021388299
-0.398493707999131	3.337928479614664
1.086482807798213	-9.764295864163470
-4.933118416931873	-6.946922059175017
-9.501624589030387	-0.173667377498711
1.702870517485575	-0.791067203364362
1.678695615944140	-9.356414841963892
-0.117540553443132	4.485154888267525
-4.593435392342268	7.992027013729570
4.930872717708399	4.821670994381561
4.450785597879392	2.240161863790483
-4.248424469352126	5.755553159117127
6.818957554199467	-4.605206657951946
-6.879893505209680	2.705270385573957
3.028289546848333	-5.051997115023924
5.441147152250043	-2.409197685017281
0.098938445880421	2.392421667990941
-0.225634874773300	4.952698981012530
7.443089778843099	-4.407750287305493
-5.938704019881183	-7.574639404632790
2.082106991102643	-0.903628223106399
6.549673396374218	6.468862422012793
6.005254084893410	3.845590080589082
-1.251061618361572	-5.524469080125685
4.377136420105701	2.242587144761754
6.620349904333744	4.824211867494493
8.058421997805960	-0.643906050920510
-2.366088405976668	8.998670875788470
-8.018741386903969	2.398678758336149
-6.016800324534832	5.433465540995007
5.674216242302990	-6.340048333388790
-2.270696350566384	7.709465249609723
0.943507645085223	-4.251002092155920
-0.889718678093770	-2.623852292953624
3.621658563467100	1.450852371515323
1.960679689392222	-5.767328394015635
0.791517094650248	8.024340252840721
5.100639412466542	-6.030821915609208
6.577914620351319	-7.481047279722674
7.139603098085078	2.618042436433052
-4.774524184212636	3.944180555386192
0.910503391686263	-6.953019218665757
-2.713092162468009	-6.382374389292044
-2.646471058171423	-4.501151585158451
3.336197605956898	-0.665937705483560
-6.497399872340783	-0.312504395538466
-6.513624625378539	-3.734181226671685
-8.889710567195257	2.340618102530645
-4.964834916802372	7.878169126820768
-1.983002267539401	8.483852156072686
-9.168856810392148	-0.594516174898481
-5.331894487357614	-2.740590938511023
-5.157659995020748	6.410965606242179
-7.804575917531860	2.760515463362400
4.183878377926320	1.723226725388769
7.396368075963882	-1.392061025017747
5.827350938060953	-6.497173887196945
-1.902091833987543	5.892554259480716
-8.205580312792598	4.176650283265810
-5.448231468300613	4.924454111989352
-4.048806714990551	-5.675773914076480
1.374422704935275	0.169668757500269
2.812898939715387	5.647160077318327
1.834336332322328	4.021591242773398
-5.736486980116200	-6.004991483350304
-5.506756294720300	-6.382334884445981
-6.328595350060593	1.726746464402319
3.214092628276218	-2.890404285390109
-2.251463330020873	1.146835090651627
-5.438721097934130	1.565458551250748
-1.706010910285930	3.157498803000311
-9.341419663349477	-1.294882306965468
-0.185059485104175	-9.955323814003037
3.339031586667981	6.294207561542091
-0.100276049568579	0.988568490225966
-3.321212031384175	-6.934936025819724
-3.441607869105011	-3.940657171304859
5.539887337824964	-1.595282461782628
-1.362182636568899	-1.384324236078508
5.044236555347776	-2.256467193121855
1.038157115306791	6.148897792760498
2.414991105439665	-2.635080868573401
-9.023145391936467	3.803180368991681
-6.438482935600373	-7.014894811620544
4.867605531088480	2.900319734208000
-2.528602729504746	-5.686941644296256
6.459481781610592	-1.321790924236994
7.386294365880987	-5.323450933373636
5.371083954824399	1.041818071836793
6.445264507304496	-6.697461047780100
-4.747658395288947	-3.965065860254130
-6.881915177538690	7.227921000744074
-1.974202895581675	7.330130811332658
6.801552308987561	-6.540070802130847
-7.714292908188102	-3.268195162132209
2.078329364998983	-6.635098778104410
7.508333402549226	0.967554075554911
6.650595142280844	-3.380139070468553
0.802774186590552	5.453136262965574
4.078347287102756	4.442314129771930
7.647019749921318	-3.867132520680508
-1.425685339593998	0.864229059351561
-3.245160127815462	-9.021612806684557
0.492465176977972	0.937239432112667
-5.650371923180928	-6.704750255552686
-1.577009150592662	-4.429822888894078
-5.134627800238098	-1.805299851239912
6.026368792075727	-4.777443914637625
-3.902152153137961	2.432799763457366
1.005516155140743	-5.730951180167255
5.313837458568083	6.495831161995932
2.842175643387894	-2.093095208260669
-1.775686968035919	7.755790345776245
-4.471332383379521	0.439090076689489
-3.561608281878061	0.601639573013773
-5.984345127661416	-2.448657860317082
-7.882393797449075	-4.355698223017753
-0.053125401072170	2.560942310149479
-0.969294968770266	-0.771051094435819
9.622952283949591	1.601488628460265
3.959465295734644	5.844967644352333
5.844449823610450	-1.232022675427793
1.083851787308702	-8.959140747994097
1.009218631637051	3.972461789284985
-2.207841742598436	-8.471847912600371
2.181844706305960	0.821680658607050
-0.604636099543319	-3.143124807334533
-2.477482744876187	-7.608129463646240
-9.285055438858297	-1.072697676806711
-2.756485003787128	-0.932830381862218
0.683065460793579	-2.993956311334292
-9.395454947593292	-0.906772747511846
-0.206080614656650	9.077000201239274
6.921050215964923	-6.110292280241636
0.400669688900265	-6.401032187097964
-3.457306760528858	3.598001762948419
-6.226726511515610	4.555829485132334
-0.939336123680352	3.574616049801573
-0.151201645659583	-6.781037473699981
-4.137822393928702	1.782856800938278
-6.435821156368773	5.045668905035548
-5.787266625763791	-3.969694302205440
-1.839952076281049	2.351819766018032
2.424804341563370	0.690271524479299
5.568464112714542	7.489064541393578
4.927178175172017	6.234058558494302
2.280559938950682	2.779775810569347
-3.757195046288442	7.272966056893566
8.480308701010939	-1.717132377892308
-6.168454138773826	4.464859981001418
-8.221649808077235	5.334351966173270
5.394608234956280	-7.933580664027736
-6.089310482347503	-5.079648230269934
4.495161929802760	-2.005402520305267
-5.482874532936734	-3.123325636733557
-4.738087417134551	6.077172562687215
-8.272701571699594	1.149773141803441
2.873803072931842	-1.281394521316100
-6.103284619514752	-0.641970279505408
2.749917660875204	0.518978846936245
-3.504414451974001	1.095331225929618
-2.249242192537465	-8.634985428385331
3.953001478238006	-3.784099453404919
-5.296922429155055	2.133061622313309
-5.651018921838566	1.185123907238744
0.212448754208097	-1.182867159278491
-5.733149202597358	2.766697147118413
3.905477396713636	-8.113718749357790
-5.445509009697599	2.669811420596469
8.274978904581184	1.540621000697383
6.609176842515422	-3.314310125532756
5.383582956788721	3.590753995956843
-8.815612624545862	3.717799121380133
-3.350465723185262	7.232588760556041
-7.955849533178469	0.409430937308104
-2.303758954309142	-4.149782848206123
1.513165957940237	-2.560580973915928
-0.908302966372100	5.394051299169633
0.870741121970154	5.788166037445994
-8.878275075409141	-4.593125205232947
0.098435081972137	-3.311760048910238
-3.114837954721688	-2.341722426333900
9.869121183525253	0.734003409625376
8.880600131227627	4.467957832930708
5.525688228914627	-6.867095833653644
0.085378544282530	-7.832136800722082
-3.638696383507418	0.784244469801614
-6.993971245812252	-5.112473624723453
-0.277237551733937	4.991759997133340
8.286948652545252	-4.986823770736410
-3.696377197475027	2.475029206754750
-2.488047828975084	-6.167208188945310
1.764254626445757	-0.345660233041231
2.243345337038983	5.849588242834994
1.573913827144072	-9.052996432167161
0.570193696195449	0.098468815721570
2.863711290670640	0.944207579318641
-3.669645802365947	-0.948089951228138
-9.141580601786947	1.885790426070282
-9.333672837966198	0.297911831033370
-4.063724631324192	2.891000316845755
-6.486167018819406	1.593036180067114
-8.949426363483221	-1.591576948125436
-0.160232166271255	0.316120622442769
3.765598774867179	6.300547232766743
6.308243666487900	-2.255890325648025
-1.474113866159834	2.559796289421691
-5.549410545261674	-0.483326567236660
-0.941254323566931	3.856479139880696
7.190580512022957	-5.803586962806889
-0.364092697368476	2.888060408914856
8.013939634006524	0.014351233229485
-1.267387576983603	7.262595588141390
7.755164575846228	-6.197570638048402
0.057987585773554	-6.285025861039204
2.913855471986070	-6.761336336235529
0.463572882254937	-2.455770036797524
-2.373326662862134	0.560771683715358
0.404525647554049	7.318141626187141
-6.804434496644312	-5.958300737959060
2.912867427360719	1.796124808055161
-3.414798161600987	7.694507817754185
7.131580748958141	2.994981223581381
1.129970078220006	4.416265868075697
-2.367270582196861	1.173152126359573
-0.275331501702006	0.288427949793545
5.730501309805295	-4.734203507978684
2.866157142466726	-6.312898503914138
2.544539428073913	-4.611235638449691
3.072674460438151	5.789145854321832
6.975402831401306	0.941782024800172
-4.017080113345521	-0.479172123912493
3.378697277704035	-2.354432122169027
5.763315935883129	6.899863476370343
7.833973523355614	-0.793025076032937
2.079164888354787	-0.033600551798566
-5.025267993629400	5.250122917928032
-5.367425521433895	3.371798224779685
-5.389717217738556	5.093151687086610
1.027501925915246	8.962896996456747
5.737464621690624	7.255862118883456
-8.188311648377180	3.640226875615869
0.610629064361937	-7.672581635425035
2.880008539584817	1.918203959639358
-2.855230503357155	-5.594319790546257
-1.298313050228677	6.907916541555765
-0.307719133252793	-3.202293767353681
-0.619947939461590	1.474590382097786
0.753309915422220	6.085508984468413
6.044491246712383	-7.612381586880593
-1.886925602972905	-5.056549069629507
-0.997034760764356	0.916373246123082
8.421526904694458	2.727924968570603
2.628046046444708	2.470607658844523
6.106608059702250	1.560749278422372
-4.939812778087036	-1.030273797442742
5.332083649005564	-6.274291223153500
-2.463578141909990	4.745775067184717
-4.020366991406593	-2.396616234989607
8.965535198136108	2.933015354649885
2.039760084466715	-1.014188863993101
4.760829814954702	-3.799671471311443
2.678284883858553	-2.022672821305779
-1.242578711840304	-0.945748369182132
-5.585335893576444	-0.000133548925160
1.293943221327815	-1.573901345000479
4.551186899175487	-6.761358925316447
5.240948109750389	-7.541757976077960
6.608040223788661	3.989416736556433
-3.993820067602807	-3.623087856892932
2.637718017509919	1.619456498466378
1.248092796843306	8.793137046701668
-7.446089466951471	-0.442687680317354
2.292509169296100	0.137862910368742
5.260127290964830	-1.134489943877855
1.008250479732894	-6.006283209740089
1.984445888130065	-7.310159707219940
-0.746716200007860	-4.490109756744751
-6.232293865923892	-2.252461207740699
-6.318284147175811	-6.480569950084714
0.861579717119393	9.439570345697064
4.328274272216299	4.601333582303122
-5.719448154571424	3.086826773634952
5.104848553657487	-1.602323980001777
2.991633051967177	1.267684823800033
9.194448110732427	-1.044730496549692
8.750065895191700	-0.961760783355556
-5.672686774684966	-3.838440067073462
-3.555760855351783	-5.367232291944278
1.083660016595211	8.723425665061617
-2.183761346250745	6.855993382257752
9.975769168134066	-0.396032907639967
-4.990460416122311	1.539654553200442
-4.844651787770043	5.382940371657338
-1.861386463985476	-2.593354653060363
0.668378808584920	2.050056389674723
4.098909997414991	6.508499559033949
4.686237548225736	7.101063866102642
3.002215892955219	-5.000403457851839
8.509222858004344	0.075253800335372
8.867445809135811	-0.619587606993126
-6.822273352502901	-1.424010138657817
-8.861038857361828	-0.197636066633228
-2.656485960422200	0.931405093035506
-4.938274335327367	-1.446528867094485
2.481546988077802	-4.153351151460554
-8.249142574897245	-0.436923714204264
-4.109519760091374	-4.603466822868454
-7.737393135112680	-4.836525900668543
-2.427947636160442	1.956058111191100
0.745251032761820	-4.912269218608887
3.773869976623322	2.614601840234530
4.088658378959984	0.314976319930223
8.034796974198553	-1.020348507376567
-5.547157903510565	-7.594656258553437
-4.597077909865494	-5.217309609924254
6.666422607714078	3.471937837765303
-9.927886496780218	0.917918626090712
2.217330584496005	0.897525571951921
1.316572192698116	-3.562555611880386
4.988520075549207	3.315680835528741
-6.207314879808354	1.107458198291394
-6.562144445693328	-0.707572419700962
-5.056336087623460	1.448195378596385
6.436240556245174	-0.977285696543884
6.521295803455428	7.366628656840594
1.170535404164229	0.237855899381939
-5.483108969283681	-4.781691781012604
8.396195535963548	0.735678967683873
3.833488809614229	-8.955660074480802
-6.574019434754229	-1.607744474500844
-5.737653185864273	6.597845654647390
-6.487695889338113	-1.468167038173237
-6.037727381471475	6.153950604310309
5.604748323988319	0.962198789709467
-0.970019312459325	-7.781850654780752
-2.402816654070400	4.296088596271487
3.104680687940001	8.885231824903761
1.067048218962506	-8.141726598830850
-2.279016240145456	5.798429922283696
-4.800102515147682	-4.182470557564411
6.024757089346243	1.102243975247461
6.368093356071586	-6.486335580397695
-5.131250058546134	6.684857216126257
3.879518668118619	-7.548522219251998
5.452336856179290	5.188734279735121
3.414676214353582	7.353778674262125
-8.739454281756426	-1.948285154398565
-6.328363376955711	-7.569682665268080
-5.035804014731180	-4.075367384344204
-2.263911337705323	5.658406052500698
0.703674354902955	4.509265493926312
1.965337701673899	5.733299308888916
-5.990449048522820	-0.541036766569764
-3.161005456563888	-7.497465684698072
1.667208825815796	2.646760455367688
-1.205320890734790	2.034570365514692
5.388020513290209	-3.635590509442478
4.477753424462942	-8.479923321361253
4.530503760856903	-6.535668270037083
-3.940861617841363	3.438665192654761
5.462123957539365	-2.361442979827123
-8.489409088199277	-4.993688768314799
1.326612496500699	1.068774939419986
-8.837498118646858	-3.345830890036402
6.014429967812806	7.883762418001023
0.331560653433863	-7.035713566319956
-0.356324487454869	-6.215085967697698
1.802109908924844	-9.130168528289278
-0.249627036677656	2.207083565440526
5.207842663811297	-1.097771126557706
-4.664653072578470	7.093547358651526
4.877970533369801	-5.922530047980906
-1.530175024898171	4.097198614230756
9.409838970365479	-0.394489354003386
1.679735499642254	-4.674381493302455
3.479243107025862	0.398738311187959
-7.359387125042985	1.545548874997624
-6.205808874994820	4.391449049778697
-9.043765113653048	3.208834070307906
-0.695829719870995	2.652477981882776
7.805758890270187	-5.970465927050744
-5.460965789630310	-3.998562665031849
5.631922382807576	2.324685396036263
-9.126969520504954	-4.070101195613629
-0.326640788780237	-6.242517206113498
-2.805331672440134	5.217653768765953
-7.220299603004919	-4.968667123156130
-3.746929980162879	-5.085152058336471
0.381157975899406	-0.028341641309991
1.693549340645094	-4.047088657428940
-3.542586865597045	-3.216361631154230
-1.951276427198243	-4.147652297178769
2.253143497929970	-5.367951655613963
-4.124954157174916	-6.841380927271289
-2.006536293690836	-7.069198096769470
3.513597222147814	-3.194925636566102
6.562065261488308	-2.944155481056356
6.690741882224419	3.606196952612653
4.222407766108249	8.617244585339089
-6.230228111592025	0.541239878685591
-4.835727695961510	-8.735648702207778
-8.127666620453342	-3.379031033354899
7.871331478047954	2.702199712460005
7.689594396116758	-1.720554898466468
2.275457525163691	9.610794075709672
1.038398888583710	3.229494709553244
-1.867626696070121	-7.199121144680400
-6.224633076956859	3.545766438110450
9.799899221406413	-1.176644175382940
2.250648993996848	-7.228284868717764
-8.088205132671971	-4.562970804170146
8.462313138247442	-4.723416115051710
-3.309868194446139	-2.979058071329045
-6.578081404154006	5.285111097503161
-5.549864657551461	-6.596034113977558
-5.710710306856174	7.531416148659432
-0.551202107907776	7.374888303433561
-4.392015406130338	6.997468327714859
3.081173604734472	-1.628863543179504
0.761500520714481	-5.654387037792558
-3.987582865082556	-4.442389993674668
-5.721533449189432	2.618750722297145
-2.836403931898588	4.149366988383573
4.150604698067114	2.027828729961094
0.131106467789025	-5.939692563269239
2.720664196154983	3.933267177370937
7.494000761634265	-4.822904759550391
-7.007013810940173	-0.950397907590159
2.548587900414649	8.913808263712264
-1.171484132692949	-7.632745240965046
5.993399794105626	3.423708840805425
-9.531378615780573	-1.384951066280797
-7.685510288264361	-6.250880199018597
4.960313121886256	0.747498611789726
-4.971586363068978	-5.017693301056179
1.253104131852127	1.469238613454629
1.332842925479962	3.074087678277077
6.363422135513875	5.744416267391755
-6.436927352868739	0.458977767909369
0.193478839549313	-9.021853116204031
0.292120713792930	-6.885139600746022
-4.516031560260389	5.439017756520153
-2.697446894511529	4.817778401059345
1.636263350942107	7.164838840298081
-0.943615101871248	-8.591144102705755
-1.993099787544024	8.929240075595335
5.210677733522937	5.074094443162598
-6.407367105694738	-3.613274179124431
-5.256913885664512	-2.793785185160103
-2.552882781359341	-4.929452540226198
-5.372381977068191	7.043507006336335
-1.647502664504995	3.831058924661631
6.452784134413353	0.684533279319648
-2.409909512531971	1.232669091654854
0.517435459996497	0.127108229173455
-5.595018516448778	4.341476177955576
3.054592840663257	2.178557650778103
-3.408159112968789	-4.704322782073811
-3.439864196578240	-8.844811989048818
-4.848153275813337	-8.079413183269335
-8.886513404721336	0.561860041952497
7.222516509215519	2.169177787357363
-2.725407394679972	-2.751107593957645
-4.842569699142169	-6.661243487114484
-2.928301228848441	-6.044960646188704
-7.058482831149795	0.132680109070694
-2.064671527225168	-5.799809326575898
-4.295480761542073	6.530340172596460
-2.014970258382104	-1.572506672593825
-0.694456477719095	2.534432609009005
-7.833822745016505	0.924334364509559
1.266557922916091	-6.543550788099232
-7.436366928011026	6.249901952074055
-5.287880520064902	-0.040748307414762
-0.206586766601809	-9.356151494750529
-0.953379861689831	-7.463923388742889
-4.471656471142936	-3.805847403370851
-8.714403652519641	-1.021512506990942
-5.767762029521146	-7.235502742659362
4.315994630297584	7.391436677013137
2.381381470039141	4.717745825399479
-1.316578467189546	-4.118232059758325
-0.247631559757166	-3.092035619878326
-6.281005193608053	4.009426073081545
-8.786581847514954	1.367526923827613
6.161248314590068	1.193633004168134
5.885304759900524	-2.978731075545937
-2.007081765061904	2.793306042046117
-3.456412648856237	1.250579430914513
3.578089147192600	-8.592619291852378
-8.892969755541337	-0.404643806785521
0.314081850402011	-7.025564597042971
-8.576737248123024	-1.397490524533973
5.856362047901982	-2.430470599751950
-5.849506925745754	1.870461835725589
-3.715538872189915	-2.299192043612013
-7.260958131225176	-6.289554499617622
3.362605813931147	-8.269078842743246
8.800450369367930	4.727932983884560
0.464346400661977	-3.912482282075104
-5.869560021526967	1.766339277964250
1.948237843998340	5.507691373835971
6.156046266503037	-0.683971524822277
0.932554401643419	4.693912920006897
-0.333719736660484	-0.631828375686304
-0.072780205304824	7.485127846028769
9.027829446713552	-3.574906131246034
-4.459484239665853	2.628540085015445
-0.877006867430873	9.717140577671710
-8.733937771495636	-0.951968995071776
4.730010648108825	5.274517104484659
-0.037496129722106	-4.159757228450457
-7.637921239882419	-6.280206415970736
5.316089336830874	3.992095779976048
-5.128224893713211	5.178181056803403
2.130369978410945	8.946739300957663
-8.372723146768509	3.250673024675087
0.531932312306406	-5.496499920352308
8.239262124657056	-5.177460872772495
-9.767723662671280	-1.217403828298651
4.337198841196063	-4.068119303757953
-4.224045519975400	1.040570481740089
4.559547940088508	-7.739363504609795
-3.605830347328314	-1.201970502273407
9.217238144939227	1.235498648949095
-0.432816853666599	9.850615776943311
-3.397640639191644	-8.894771379597644
6.050034454832365	-5.018894121065904
-7.337898345853761	6.106706388631225
1.906011620995522	2.771832859605344
2.384252770720426	4.655486388391903
0.688264747363225	4.583089647042082
8.551297206317246	1.203545092086468
-0.496118532608585	-3.946505861842831
1.030653933088419	5.372461015408778
0.128607567141072	-1.893045199443349
-5.317190590950441	8.005314147624334
-5.641142342006700	4.462391769579790
-1.883795814352947	-7.109194563977887
4.387599959565135	7.706051736306093
-4.476781315644786	-5.347542768020264
7.607256008355308	-0.431395816823883
-2.862827952196041	2.805075658551556
3.779518264188937	-5.876965534211960
1.809487107009888	-1.193197046377441
-0.815219073597713	-0.071269579874996
1.633191944883841	-1.619857737519537
-1.590667846426854	3.216773945428835
6.745092105558100	0.247079293479997
5.979784011889486	0.118953439694371
-7.612816566570735	-5.989066550507005
7.398081891459067	5.951922523890008
-7.739660511801486	-6.252164541223241
-8.578531243469037	-2.791596279828902
-5.081928701704311	5.598230068972479
8.306980339112942	5.417087192883175
3.951821437997366	-7.153959118297535
-1.653392014403831	5.171440282489117
-1.719485811255712	7.514966342063137
-3.356776681880462	-8.463215203900710
-7.536188584149098	1.973050133762140
7.249705506430107	3.085373864487972
7.932171124361709	3.956636465877521
3.584560488692029	4.246176253344131
7.351832606183373	4.297644457977154
2.242897236215795	8.171089274737353
-0.710458154818718	-8.064042243879499
-3.178458781925442	-3.248734977713217
-5.779339662498051	-7.727316491930908
5.724995407997305	-6.583202396994871
5.804052733680458	1.338929191650958
-5.778172034746501	-3.047309387071570
0.754234767392141	5.779105750594292
4.693652435573601	3.235647252507698
6.654123819529257	-1.691774372458255
6.257838828347067	-4.021324030157988
-7.317228247324654	-0.188550728868356
6.603681979999990	-1.946804008477087
-3.381885149592324	4.506592804840242
1.938530333599487	5.219439314544403
-4.735257846289283	2.624007432748135
-2.651931790553754	-5.536806612313963
0.029595469463400	6.554052204506154
-4.669064895054094	8.314285144211006
-7.292209233628493	6.268795215312235
4.966262727349978	-2.180405681531592
1.118365380584568	-1.503355674589618
0.928007319674186	-5.342851429592875
4.336318221299566	3.051856828814891
2.311274082472499	-2.758358489976168
7.277910658355901	6.422837158121933
6.703905882903769	2.578934979464246
0.496774278830226	0.399528388878438
-5.679857453817903	2.900674978107891
5.574010830297643	6.189668641549532
4.064600935830896	0.996183805885421
4.499404236139378	0.312209906015049
-3.909152973122595	-8.792009178714094
-1.789391888320532	3.633648277297981
-7.197510482946410	4.776214508290509
-2.513579971156008	-6.744638461713426
9.065078804790049	-0.961174678918167
-5.655484936134009	4.653798927108829
4.766142753405461	-5.768568329187632
-8.105692175074017	3.487686109101762
-2.734198515569324	5.746253517634821
1.751536357185574	3.878828995105302
3.028083725153241	-7.085282479785413
1.524997942239246	3.033433740907898
-8.766788039918156	-4.678380077449336
-1.872513259561612	5.239011544975925
